-0.495887
1.579680
0.714000
-0.486163
1.032715
0.963000
-0.484518
0.124152
-1.222000
-0.566221
0.641200
0.603000
-0.258487
1.667026
1.000000
-0.566511
0.469497
1.824000
-0.548854
1.329766
1.065000
-0.541381
1.356669
0.176000
-0.453001
0.588942
1.071000
-0.486485
0.444542
0.870000
-0.487716
0.675472
1.353000
0.140427
3.107449
0.784000
-0.404790
3.107449
0.479000
-0.575486
1.871476
0.889000
-0.667610
1.147472
0.641000
-0.585581
2.476769
0.857000
-0.654396
3.107449
1.286000
-0.760011
3.107449
0.941000
-0.540839
3.107449
1.870000
-0.600895
0.457948
1.385000
-0.529570
0.656354
1.000000
-0.564911
0.267753
0.353000
-0.611414
0.807190
1.381000
-0.564472
0.118657
1.400000
-0.539253
0.308878
2.136000
-0.559105
1.029476
0.941000
-0.631184
-0.041746
1.524000
-0.712931
-0.812196
1.579000
-0.574918
-0.021654
1.500000
-0.697387
-0.614856
0.000000
-0.621773
0.550448
0.000000
-0.517647
0.429455
0.000000
-0.702447
0.200682
1.542000
-0.408885
1.454515
1.261000
-0.115670
2.673085
0.792000
-0.407000
0.489881
1.870000
-0.374759
1.071975
1.487000
-0.355885
3.107449
1.683000
-0.254937
1.525024
1.943000
-0.572481
0.512629
2.391000
-0.259341
1.419202
2.444000
-0.494275
1.573252
1.211000
-0.545356
0.844726
2.600000
-0.565333
0.710876
1.567000
-0.607553
1.143117
1.946000
-0.232736
1.360483
0.938000
-0.354501
1.123816
1.880000
-0.558861
-0.002845
1.833000
-0.598259
-0.335899
0.818000
-0.492783
0.015407
1.182000
-0.387685
2.023203
1.000000
-0.532319
0.541472
0.652000
-0.472403
1.156940
1.806000
-0.588038
0.105542
1.034000
-0.596714
0.329378
1.171000
-0.576193
0.179166
0.143000
-0.485067
0.340494
1.818000
-0.287146
0.907350
1.931000
-0.354470
1.392157
1.393000
-0.522019
0.390120
2.407000
-0.444597
0.421877
0.200000
-0.579540
-0.040364
0.567000
-0.314202
0.663573
1.750000
-0.609032
0.004250
1.200000
-0.617998
0.671966
1.276000
-0.537491
0.463086
1.633000
0.059411
2.736716
2.178000
-0.094931
3.107449
1.909000
-0.403649
2.551608
-1.078000
-0.503232
0.447682
1.459000
-0.478927
0.816649
0.707000
-0.302714
3.007188
1.050000
-0.241225
3.107449
-1.140000
-0.325793
3.107449
0.400000
-0.613076
1.702747
1.545000
-0.241867
2.012162
1.083000
-0.329414
2.817934
1.190000
-0.311285
2.134147
1.537000
-0.308008
3.107449
1.400000
-0.436809
3.107449
1.565000
-0.431433
3.107449
0.893000
-0.506631
1.067254
2.125000
-0.509237
0.809538
1.194000
-0.386200
0.402576
0.801000
-0.601779
0.119431
1.138000
-0.509844
0.196310
1.318000
-0.561378
0.828839
1.183000
-0.541560
-0.312319
1.267000
-0.404645
0.223355
1.150000
-0.685890
-0.507643
1.976000
-0.413187
-0.009681
0.935000
-0.478579
0.669701
1.000000
-0.479073
0.409454
1.250000
-0.401353
0.096708
2.195000
-0.550789
0.634980
1.932000
-0.622491
0.222564
1.627000
-0.622491
0.771577
1.654000
-0.283044
1.751490
1.167000
-0.590397
0.789479
1.139000
-0.404503
0.184037
0.482000
-0.472213
0.208351
0.975000
-0.380700
0.250000
1.107000
-0.584763
-0.195805
1.354000
-0.297367
1.593852
0.466000
-0.275404
3.107449
1.456000
-0.278172
3.107449
1.194000
-0.261587
2.055311
0.714000
-0.213581
0.946610
1.283000
-0.392132
0.573529
0.926000
-0.434126
0.094035
1.698000
-0.433950
-0.131032
1.230000
-0.294213
-0.342744
0.863000
-0.274694
-0.078641
0.962000
-0.582381
-0.323801
0.100000
-0.448413
1.165033
1.950000
-0.318614
0.668028
2.000000
-0.223083
0.016023
1.265000
-0.228446
2.907161
0.547000
-0.613393
3.107449
1.186000
-0.051082
1.706427
1.328000
-0.495385
0.492920
1.450000
-0.525511
0.415791
1.476000
-0.532243
-0.257038
1.536000
-0.189055
3.107449
1.239000
-0.290482
0.087157
0.806000
-0.363405
-0.030089
1.586000
-0.412069
-0.872980
0.833000
-0.461703
-0.901024
0.476000
0.031940
3.107449
1.188000
-0.550188
0.506950
1.218000
-0.180567
1.780725
1.000000
-0.331674
1.054339
2.214000
-0.516922
0.492137
1.071000
-0.660734
-0.249911
1.163000
-0.470547
0.486658
1.125000
-0.482821
1.285019
0.507000
-0.406356
3.107449
0.833000
-0.514366
1.433440
0.632000
-0.460479
0.602797
1.135000
-0.501098
-0.010830
0.755000
-0.479783
0.398113
1.439000
-0.620061
3.107449
0.951000
-0.494844
3.107449
1.136000
-0.633310
3.107449
0.929000
-0.645896
0.016964
0.825000
-0.666558
-0.080956
0.814000
-0.382921
0.764483
1.156000
-0.643107
0.632040
1.083000
-0.694723
-0.648013
0.477000
-0.640147
0.015973
0.442000
-0.620233
-0.441356
1.114000
-0.475946
0.511338
1.020000
-0.614247
-0.291935
0.564000
-0.605103
-0.427242
0.417000
-0.539818
-0.212516
0.480000
-0.453516
-0.453712
1.222000
-0.392170
0.982514
0.581000
-0.543196
0.118865
0.519000
-0.169865
1.229064
1.534000
-0.463286
0.285838
0.678000
-0.308310
0.312400
0.769000
-0.634432
-0.938477
0.308000
-0.614480
-0.463188
-1.158000
-0.559057
-0.531541
1.449000
-0.632575
0.748313
1.429000
-0.568518
-0.046751
0.700000
-0.447757
-0.028973
0.684000
-0.488592
0.436715
0.782000
-0.577265
-0.185197
1.250000
-0.334990
0.773567
1.466000
-0.616329
-0.507810
1.129000
-0.422530
-0.087001
0.708000
-0.523201
-0.073346
1.627000
-0.663554
0.254288
1.104000
-0.586921
1.429160
1.663000
-0.617585
0.072145
1.400000
-0.434932
2.704750
1.993000
-0.502099
0.119656
1.239000
-0.649670
0.740169
2.197000
-0.505392
0.276770
1.420000
-0.625874
-0.032479
0.926000
-0.475086
1.533551
0.357000
-0.628576
-0.517444
1.110000
-0.597507
-0.353160
1.411000
-0.638532
-0.730371
1.309000
-0.254444
0.279093
1.146000
-0.338569
0.022701
0.867000
-0.269494
0.319585
0.667000
-0.512634
-0.230035
0.489000
-0.629051
-0.453471
0.518000
-0.509442
0.519332
1.294000
-0.606889
-0.508043
1.903000
-0.415349
-0.610352
1.697000
-0.445313
0.621141
1.000000
-0.360756
0.981199
0.944000
-0.558009
0.877450
0.948000
-0.409892
-0.341462
1.172000
-0.393437
-0.122797
0.233000
-0.594425
1.191220
0.884000
-0.336104
1.588040
0.565000
-0.412846
0.003617
1.471000
-0.568123
0.077240
1.114000
-0.514346
0.553396
0.674000
-0.683204
0.029920
1.594000
-0.373889
0.249767
0.441000
-0.681343
1.576949
1.111000
-0.652955
2.579843
1.308000
-0.554386
3.075017
1.372000
-0.555740
0.109098
0.635000
-0.601851
-0.379664
0.803000
-0.577494
0.187343
0.880000
-0.446259
-0.029090
0.484000
-0.624056
-0.167503
0.906000
-0.528810
-0.483072
0.735000
-0.450393
-0.260269
1.065000
-0.492143
-0.251493
0.559000
-0.595459
0.237427
1.321000
-0.511054
-0.783944
0.697000
-0.352887
0.762884
1.397000
-0.455766
-0.471381
0.692000
-0.725904
-0.703809
1.000000
-0.575297
-0.481689
1.195000
-0.657129
-0.327981
1.634000
-0.618907
-0.314850
1.900000
-0.518871
-0.696340
1.690000
-0.125098
1.282221
1.846000
-0.201940
3.107449
0.959000
-0.342411
1.227158
0.824000
-0.550699
0.162313
1.182000
-0.464088
-0.019340
0.800000
-0.640323
-1.236377
1.706000
-0.516922
-0.246980
1.111000
-0.533641
0.534145
0.642000
-0.535369
1.236500
1.696000
-0.268509
1.394505
0.979000
-0.388023
2.099958
1.480000
-0.483192
0.080205
1.146000
-0.570482
-0.869941
2.071000
-0.400604
-0.330487
1.458000
-0.410719
-0.560684
1.248000
-0.539258
-0.667813
0.926000
-0.497285
-0.298954
0.526000
-0.488233
-0.041047
1.467000
-0.220427
1.168139
0.797000
-0.534619
0.268877
0.904000
-0.575079
2.225581
0.647000
-0.634306
-0.044186
0.833000
-0.616825
-1.373349
1.600000
-0.617636
-0.973749
1.000000
-0.570774
-1.305679
2.000000
-0.638251
-0.738090
1.525000
-0.621024
-0.486552
1.760000
-0.542312
0.264938
1.105000
-0.591030
-0.071173
1.293000
-0.551500
0.002568
1.204000
-0.622738
-0.748257
1.542000
-0.483238
0.085684
1.472000
-0.587110
-0.647263
1.011000
-0.542701
0.161314
1.435000
-0.335424
0.967801
0.667000
-0.272425
3.107449
1.369000
-0.414428
2.466852
1.368000
-0.493791
1.691073
0.842000
-0.294495
3.107449
0.233000
-0.369729
1.135324
1.128000
-0.499958
1.673512
0.746000
-0.534754
0.965012
1.192000
-0.483947
0.515185
1.093000
-0.550960
0.325855
0.367000
-0.408675
0.316605
1.000000
-0.550568
-0.125379
0.878000
-0.529802
-0.336507
0.690000
-0.626623
-0.002345
1.176000
-0.252327
2.016426
1.680000
-0.409543
1.845573
0.559000
-0.606844
0.318470
1.050000
-0.333486
-0.053545
0.950000
-0.378245
0.179599
0.621000
-0.562932
-0.339738
0.615000
-0.690733
-0.894255
1.643000
-0.557001
-0.231259
1.182000
-0.447826
-0.477068
0.697000
-0.527979
-0.675432
-1.179000
-0.647872
-0.908710
1.646000
-0.577373
-0.246922
1.463000
-0.529243
-0.704234
1.244000
-0.273487
0.160564
1.846000
-0.410532
-0.375193
1.679000
-0.627231
-0.592216
1.558000
-0.511278
-0.735342
1.250000
-0.588299
-0.648438
1.063000
-0.603735
-0.430381
1.344000
-0.585833
-0.243383
1.588000
-0.598034
-0.415518
1.550000
-0.567256
-0.634091
1.500000
-0.606582
-0.522889
1.371000
-0.598820
-0.272950
1.419000
-0.569497
-0.311694
0.918000
-0.637594
-0.166087
0.345000
-0.609083
-0.616722
1.780000
-0.318801
-0.200518
1.435000
-0.631583
-0.569893
0.556000
-0.548726
-0.843121
0.838000
-0.529942
-0.192133
1.556000
-0.412478
0.464451
1.424000
-0.249739
0.695905
2.226000
-0.376976
2.348964
2.116000
-0.429456
0.691034
0.710000
-0.396025
0.305247
0.745000
-0.474101
-0.183906
2.000000
-0.435889
-0.120766
1.943000
-0.408205
-0.480191
1.434000
-0.460094
0.057023
0.733000
-0.535130
-0.405734
1.854000
-0.488378
-0.515146
1.553000
-0.578415
0.826816
0.767000
-0.299598
1.604243
1.610000
-0.378329
1.762074
1.551000
-0.300372
2.335442
1.037000
-0.612030
0.485468
0.489000
-0.211537
0.984763
1.380000
-0.486984
0.621965
-1.000000
-0.404449
-0.141016
1.279000
-0.444444
1.367469
1.017000
-0.292276
2.529792
1.152000
-0.545129
0.787789
1.429000
-0.584930
-0.687181
0.909000
-0.584172
0.079114
0.969000
-0.648171
-0.256222
2.382000
-0.583955
-0.268004
0.156000
-0.382577
0.413243
-1.022000
-0.521466
0.401452
-1.280000
-0.594500
-0.541682
1.864000
-0.433086
-0.232109
1.591000
-0.617812
-0.740754
1.510000
-0.654607
-0.367724
0.636000
-0.623169
-0.658846
1.538000
-0.521331
-0.568994
1.741000
-0.662347
-0.329621
1.156000
-0.588513
-0.373411
0.886000
-0.699431
-0.693359
1.085000
-0.653769
-0.669762
0.128000
-0.681688
-0.676656
1.605000
-0.700168
-0.902565
0.816000
-0.420414
0.258227
1.344000
-0.564472
0.113719
0.900000
-0.555245
-0.497252
1.694000
-0.598700
-0.529476
1.082000
-0.641892
-0.826843
1.159000
-0.698484
-1.059554
1.143000
-0.726863
-0.955830
0.653000
-0.359854
-0.114870
1.706000
-0.620411
-0.125012
1.768000
-0.656348
-0.667172
1.634000
-0.524532
1.248116
1.245000
-0.669415
-0.698314
1.444000
-0.359948
0.383425
0.566000
-0.645790
-0.586105
1.299000
-0.671743
-0.175296
0.985000
-0.456855
0.511596
0.649000
-0.364359
0.939366
0.167000
-0.345293
0.466741
0.571000
-0.518144
-0.075253
1.400000
-0.587059
0.213155
0.847000
-0.466286
3.107449
0.729000
-0.483897
0.645837
0.652000
-0.663774
-0.017558
1.469000
-0.621726
0.479681
0.881000
-0.712955
-0.123638
1.684000
-0.738089
0.930490
0.828000
-0.502271
-0.176737
1.912000
-0.284269
2.060506
1.574000
-0.434922
1.302430
1.149000
-0.645317
-0.160633
1.196000
-0.638097
0.176926
0.671000
-0.606227
-0.590609
0.727000
-0.702346
-0.034261
1.353000
-0.678257
-0.984223
1.467000
-0.609337
-0.683934
1.750000
-0.655463
-0.534405
1.265000
-0.575135
0.745831
1.469000
-0.645916
-0.029065
1.659000
-0.175474
0.316713
1.115000
-0.555127
-0.716624
0.632000
-0.693297
-0.366941
0.949000
-0.380025
2.694034
1.660000
0.210687
3.107449
2.068000
-0.352365
3.107449
1.347000
-0.548673
1.488570
-1.179000
-0.379235
0.286912
1.517000
-0.338171
1.187673
1.769000
-0.585370
-0.214365
0.643000
-0.471104
0.377105
0.733000
-0.560924
0.246678
1.643000
-0.560464
0.193238
0.763000
-0.675907
-0.208977
1.125000
-0.498450
0.343999
0.224000
-0.559816
0.564520
1.258000
-0.572282
0.401419
-1.125000
-0.485872
-0.116686
0.964000
-0.010661
1.764705
1.176000
-0.281773
-0.060581
0.917000
-0.422622
-0.069224
1.194000
-0.532827
0.568917
0.811000
-0.557606
-0.077676
1.000000
-0.526934
-0.320229
1.691000
-0.211716
0.633323
1.660000
-0.523552
-0.266348
1.410000
-0.519735
-0.006150
1.065000
-0.522431
-0.118176
2.333000
-0.698144
0.052494
1.194000
-0.640937
-0.125828
1.306000
-0.357723
0.707038
1.865000
-0.673635
-0.620727
1.514000
-0.525779
-0.837867
1.743000
-0.623435
-0.750896
1.650000
-0.657982
-0.988054
1.492000
-0.735216
-0.811222
1.576000
-0.689767
0.304031
1.569000
-0.538222
0.286712
1.054000
-0.572629
-0.165088
0.969000
-0.475906
-0.084853
1.598000
-0.673171
-0.650269
1.546000
-0.404803
-0.315732
1.938000
-0.569168
-0.526103
1.571000
-0.553703
-0.723352
1.074000
-0.531528
-0.558086
1.078000
-0.587041
-0.159776
0.823000
-0.493524
-0.517369
2.017000
-0.447627
-0.647455
0.000000
-0.554346
-0.197553
0.813000
-0.659415
-0.403162
0.951000
-0.596608
1.515474
0.216000
-0.538678
-0.266764
1.207000
-0.642298
-0.246530
1.533000
-0.536930
-0.822789
1.302000
-0.231057
0.477190
1.077000
-0.352365
-0.230477
1.167000
-0.135922
0.029280
0.967000
-0.460760
0.551477
1.463000
-0.209566
0.536580
1.000000
-0.339544
0.354722
0.778000
-0.364054
-0.234528
1.326000
-0.440153
-0.360406
0.622000
-0.416500
-0.223048
1.865000
0.006804
0.525566
1.026000
-0.264546
-0.038184
1.000000
0.896808
3.107449
-1.290000
-0.190386
1.121256
0.545000
-0.155000
3.107449
0.433000
0.683681
3.107449
0.513000
-0.281385
1.593372
0.418000
-0.300721
0.737156
1.229000
-0.253789
0.155893
1.295000
-0.089642
0.385542
1.289000
-0.388692
-0.160359
1.444000
-0.644465
-0.532581
2.152000
-0.313916
-0.069657
1.556000
-0.487658
-0.407962
1.762000
-0.496568
-0.565501
1.296000
-0.542659
-0.336081
1.429000
0.012094
2.212072
1.343000
-0.274339
1.951603
1.517000
-0.382845
0.004343
1.474000
-0.468779
0.503297
2.197000
-0.514961
0.504094
1.860000
-0.285429
-0.284012
2.070000
-0.288691
-0.087177
1.522000
-0.574741
0.166712
1.237000
-0.623060
-0.747290
1.897000
-0.566717
-0.481879
1.450000
-0.497804
-0.183368
1.568000
-0.426322
-0.878190
1.659000
-0.523758
-0.916355
2.356000
-0.353407
0.168635
1.289000
-0.493745
-0.612990
1.222000
0.475627
2.776351
1.776000
-0.226777
2.337280
0.000000
-0.477104
0.388825
1.364000
-0.653692
0.036779
1.226000
-0.403031
-0.382143
1.739000
-0.385622
-0.792936
-1.000000
-0.404404
0.187560
0.333000
-0.601226
-0.024177
1.000000
-0.566799
0.167311
1.875000
-0.600195
-0.437445
1.111000
-0.629478
-0.676440
1.667000
-0.356684
-0.043019
1.600000
-0.351033
-0.013668
2.750000
-0.396743
-0.095888
2.600000
-0.366006
-0.296541
0.661000
-0.474632
0.055877
1.093000
-0.284193
0.165029
1.667000
-0.241023
0.209403
0.565000
-0.197254
0.248655
1.405000
-0.483479
0.289487
0.881000
-0.258968
3.107449
1.065000
-0.300401
0.047928
1.909000
-0.615061
-0.539708
1.643000
-0.601226
-1.377411
1.130000
-0.731842
-1.216870
1.190000
-0.646719
-1.369568
1.280000
-0.591542
-1.118873
0.150000
-0.376997
-0.687596
1.000000
-0.179206
-0.420147
1.429000
-0.531534
0.344180
1.602000
-0.215830
0.182861
1.941000
-0.329309
-0.077129
0.870000
-0.383132
0.259282
1.066000
-0.404564
-0.496248
1.051000
-0.363105
0.062393
-1.301000
-0.087161
0.235350
1.042000
-0.207938
0.466191
0.188000
-0.307854
1.542941
0.858000
-0.102311
2.844420
0.113000
-0.270811
0.606005
0.804000
-0.264347
-0.100657
1.091000
-0.303024
0.262990
1.550000
-0.443564
-0.101951
1.933000
-0.380410
0.187794
1.645000
-0.044790
2.481715
0.780000
-0.179554
0.522712
1.049000
-0.286292
0.076431
0.769000
-0.161244
0.838343
1.114000
-0.072097
0.839510
1.409000
0.165994
0.615072
1.222000
-0.486574
-0.299650
0.632000
-0.484721
-0.679450
0.640000
-0.252368
0.057535
0.514000
-0.453575
0.004498
0.782000
-0.379177
-0.703717
0.652000
-0.555211
-0.856574
0.927000
-0.609360
-0.715653
0.600000
-0.575253
-0.883744
0.927000
-0.528843
-0.772483
1.143000
-0.507093
-0.720963
0.740000
-0.611616
-1.468302
0.652000
-0.405567
-0.640804
1.500000
-0.218467
-0.256953
1.176000
-0.175307
0.079603
1.195000
-0.575523
-0.330165
0.875000
-0.549061
-0.226735
0.396000
-0.561405
-0.351728
0.842000
-0.149705
-0.270206
1.289000
-0.539463
-0.109868
1.375000
-0.381840
-0.470091
0.508000
-0.225626
-0.618303
0.436000
-0.437108
0.309888
0.846000
-0.290628
0.366980
1.105000
-0.183613
1.800824
1.452000
-0.120247
1.751261
1.191000
-0.079856
3.107449
0.202000
-0.382813
1.607300
0.326000
-0.511911
0.368297
1.662000
-0.619922
0.046973
1.333000
-0.164634
0.931129
0.864000
-0.551503
-0.103019
1.636000
-0.338138
3.008027
1.720000
-0.418717
0.086804
1.048000
-0.419724
-0.014995
1.308000
-0.057400
0.752682
0.714000
0.008490
1.398755
0.589000
1.480580
3.107449
0.784000
-0.261556
1.893470
1.271000
-0.312428
0.287017
1.491000
-0.352607
0.239857
0.382000
-0.434224
-0.644630
0.492000
-0.248664
-0.596227
1.283000
-0.419652
-0.449069
1.500000
-0.485813
-0.866065
0.952000
-0.056926
0.459304
-1.015000
-0.405403
-0.047176
0.839000
-0.615102
-0.429855
0.756000
-0.359004
0.924463
0.384000
-0.184575
2.700475
0.974000
-0.656260
0.020961
0.723000
-0.514562
0.161714
0.478000
-0.682772
-0.666310
1.378000
-0.363953
-0.801652
1.361000
-0.360032
-0.625100
1.490000
-0.572286
-0.406018
0.831000
-0.527315
-0.490565
1.746000
-0.416226
-0.231635
0.902000
-0.271594
0.076718
1.000000
-0.540312
-0.568909
0.577000
-0.459825
-0.552730
1.422000
-0.235479
-0.129912
0.771000
-0.670682
-0.604026
1.667000
-0.477901
0.093901
1.739000
-0.229314
0.277601
0.830000
-0.536493
-0.597529
1.107000
-0.471474
-0.143629
0.625000
-0.665696
-0.857045
1.638000
-0.497131
-0.343160
1.354000
-0.404153
-0.681166
0.936000
-0.608733
-0.628867
0.851000
-0.601194
-0.957704
1.660000
-0.463123
-0.413163
1.337000
-0.588544
-0.564902
1.413000
-0.515847
-0.607146
1.634000
-0.516493
-0.614642
0.611000
-0.737081
-0.650009
1.316000
-0.543246
-0.004742
1.273000
-0.351755
0.126663
1.453000
-0.537189
-0.132041
0.654000
-0.493304
1.240164
0.623000
-0.227321
1.505698
0.000000
-0.430702
0.641116
0.963000
-0.394129
0.789961
1.128000
-0.484588
0.425519
1.109000
-0.521487
-0.072687
1.190000
-0.305051
0.792700
1.328000
-0.479247
0.443413
1.104000
-0.274132
0.390130
1.621000
-0.677067
-0.362859
1.311000
-0.184610
0.247990
0.522000
-0.430321
-0.456003
1.361000
-0.390988
-0.699182
0.966000
-0.569246
-0.038072
1.526000
-0.500124
-0.077361
1.395000
-0.416045
0.862377
1.125000
-0.644506
-0.419914
1.563000
-0.563989
-0.887240
1.172000
-0.669695
-0.444437
1.605000
-0.624933
-0.491950
1.958000
-0.273929
2.789880
-1.145000
-0.338962
0.544807
0.850000
-0.442527
0.479672
1.094000
-0.440536
-0.122612
1.595000
-0.222088
-0.128749
0.469000
-0.382321
0.317792
-1.237000
-0.183916
1.264162
1.073000
-0.446690
1.379911
-1.119000
0.007074
1.541778
1.091000
-0.532088
0.230841
0.714000
-0.355301
-0.183110
1.288000
-0.327514
0.926481
0.955000
-0.444737
1.598793
0.982000
0.241170
3.107449
1.502000
-0.296931
1.252831
1.330000
-0.414319
0.429774
0.653000
-0.379080
1.377176
0.356000
-0.517547
0.644120
0.622000
-0.416724
0.426628
1.370000
-0.376922
0.247263
0.491000
-0.186072
1.124886
-1.027000
-0.250745
0.377275
1.781000
-0.588836
-0.181626
1.259000
-0.373906
-0.172279
1.111000
-0.580255
-0.124291
0.452000
-0.498426
-0.202992
0.310000
-0.631401
-0.242282
0.773000
-0.566174
-0.438933
1.057000
-0.551797
-0.057726
0.767000
-0.646846
-0.253572
0.813000
-0.361162
-0.486614
1.234000
-0.441446
-0.407386
0.729000
-0.117006
0.415330
0.538000
-0.390680
-0.818463
1.350000
-0.690008
-1.194761
1.333000
-0.462645
-1.091043
0.750000
-0.664565
-0.788429
1.208000
-0.434528
0.156430
1.435000
-0.256134
0.273537
1.361000
0.079397
1.968147
0.629000
1.590170
3.107449
1.053000
0.287356
2.557958
1.156000
0.261195
1.560007
0.667000
-0.080646
0.832487
0.895000
0.124332
1.232408
1.029000
-0.054649
1.144935
0.415000
-0.429954
1.289994
0.442000
-0.479858
0.496876
1.813000
-0.264250
0.833862
1.443000
-0.458342
0.038808
1.029000
-0.416623
-0.070484
0.000000
-0.098084
0.176743
-1.000000
-0.240063
-0.287741
1.533000
-0.475505
-0.571585
1.158000
-0.509098
-0.381889
1.229000
-0.501701
0.097218
1.405000
-0.553767
-0.224293
0.514000
-0.345510
0.096071
0.917000
-0.360800
2.668000
1.250000
-0.544541
-0.352575
0.767000
-0.518169
-0.006265
0.538000
-0.452587
-0.222112
1.083000
-0.187911
0.341663
0.778000
-0.465677
0.045035
1.550000
-0.271411
1.089979
0.840000
-0.380607
0.459469
0.563000
-0.241711
0.903932
0.951000
-0.208243
0.098368
0.361000
-0.072007
-0.062450
1.118000
-0.235523
0.515503
1.649000
-0.303255
0.572763
1.147000
-0.343819
0.689325
1.307000
-0.407377
-0.071343
1.000000
-0.414244
-0.369828
1.420000
-0.632575
-0.820704
1.413000
-0.496897
0.577627
0.200000
0.683017
3.107449
0.228000
-0.428856
0.748004
0.375000
-0.341469
0.059939
0.339000
-0.326121
0.747108
0.557000
-0.594907
-0.352657
0.958000
-0.347587
0.279259
1.333000
-0.225626
0.909361
0.745000
-0.432912
1.177808
1.517000
-0.587456
-0.499975
1.319000
-0.705552
-0.501373
0.929000
-0.457281
-0.561469
1.000000
-0.502561
-0.610028
0.481000
-0.567390
-0.329533
1.176000
-0.415988
-0.575232
1.394000
-0.568470
-0.872994
1.492000
-0.610453
-0.656917
1.444000
-0.537686
-1.012962
0.310000
-0.469948
-0.412150
1.750000
-0.329541
-0.373258
1.965000
-0.535622
-0.516229
1.453000
-0.447952
-0.731636
1.564000
-0.479470
-0.448476
1.182000
-0.556747
-0.414521
0.765000
-0.628254
0.103932
0.820000
-0.223575
-0.501078
1.465000
-0.416422
-0.835298
0.946000
0.260784
1.393044
0.864000
-0.310201
1.039680
0.912000
-0.565279
-0.707643
1.200000
-0.489849
-0.602672
0.983000
-0.450534
-0.891948
1.349000
-0.677706
-1.834396
0.206000
-0.544494
-0.571676
1.100000
-0.533295
-0.423925
0.930000
-0.455118
-0.829601
1.163000
-0.178277
0.123199
0.926000
-0.154293
-0.312286
0.559000
-0.582163
-0.909227
0.973000
-0.502567
-1.271571
1.545000
-0.379204
-0.508185
1.529000
-0.591846
-0.936800
1.250000
-0.556351
-0.616170
0.844000
-0.447317
-0.759670
1.409000
-0.377542
-0.356844
2.227000
-0.389678
-0.449100
1.146000
-0.451149
-0.307076
0.822000
-0.244529
1.056240
0.893000
-0.527874
-0.886336
2.391000
-0.518439
-0.851767
-1.080000
-0.686858
-1.342655
0.957000
-0.666976
-1.894936
0.950000
-0.573673
-1.598876
1.639000
-0.474602
-1.204263
1.000000
-0.525269
-1.422569
1.257000
-0.509739
-1.158625
1.524000
-0.477690
-0.064054
1.286000
-0.535689
-0.994356
1.543000
-0.346583
-0.263137
1.434000
-0.003117
0.751812
1.215000
-0.271515
0.108443
0.136000
-0.463165
-0.076524
0.036000
-0.411519
-0.005310
1.110000
-0.052051
0.482461
1.000000
-0.073088
1.671701
0.587000
-0.026807
3.107449
-1.420000
-0.400551
0.018872
1.395000
-0.331367
0.911488
0.958000
-0.227350
0.125391
0.769000
-0.280869
-0.276856
1.100000
-0.349861
-0.184058
0.879000
-0.515467
-0.324446
2.139000
-0.403075
-0.188791
1.914000
-0.525209
-0.551496
0.091000
-0.136850
0.804339
1.474000
-0.496154
-0.802378
1.350000
-0.180446
-0.304518
1.024000
0.120172
1.332968
0.923000
-0.240620
0.050490
0.622000
-0.171656
-0.057780
0.407000
-0.297560
0.006200
0.433000
-0.254230
-0.478681
0.810000
-0.187237
-0.115213
1.300000
-0.242462
-0.016757
0.810000
-0.399400
-0.745434
0.955000
-0.373747
0.171008
1.365000
-0.134966
-0.079913
1.385000
-0.561740
-0.668475
0.933000
-0.355005
1.116198
0.340000
-0.425608
-0.396205
1.510000
-0.250058
-0.167635
1.297000
-0.097356
-0.587678
1.432000
-0.318422
-0.922587
1.240000
-0.565096
-0.728513
1.629000
-0.418206
-0.478644
1.889000
-0.246082
-0.262195
1.526000
-0.277035
-0.405645
0.977000
-0.238951
-0.251983
0.941000
-0.228818
-0.690658
1.146000
-0.385037
-0.813633
0.679000
-0.477196
-0.822485
0.968000
-0.582704
-1.161030
0.796000
-0.074778
0.077718
1.436000
-0.675116
-0.486291
1.333000
-0.573154
-0.933649
2.480000
-0.416689
-0.976184
1.577000
-0.391599
-0.195928
2.676000
-0.516266
-0.481791
1.000000
-0.401114
1.772128
0.760000
-0.519049
-0.573751
1.453000
-0.489053
-0.537149
0.009000
-0.504387
-0.823178
0.569000
-0.683859
-1.202321
1.400000
-0.583818
-1.433707
1.303000
-0.334250
-1.110622
0.621000
-0.529445
-1.003639
0.941000
-0.616214
-0.896895
0.433000
-0.595670
-0.882765
0.696000
-0.388929
-0.588675
1.484000
-0.569534
-0.713709
1.365000
-0.524602
-1.075033
0.857000
-0.451269
-0.409105
1.242000
-0.460579
-0.967514
1.188000
-0.357775
-0.744711
1.448000
-0.444069
-0.988969
1.613000
-0.700591
-0.723029
0.889000
-0.617619
-0.585406
0.923000
-0.485928
0.010933
0.673000
-0.612376
-0.589927
1.047000
-0.558771
0.413652
0.586000
-0.103824
2.412903
0.282000
-0.684522
-0.018327
1.037000
-0.380961
0.081116
0.375000
-0.637971
-0.777349
1.163000
-0.464166
-0.639073
0.634000
-0.403327
-0.719851
0.692000
-0.347457
-0.291853
1.071000
-0.261033
0.648831
0.279000
-0.611538
-0.629892
0.478000
-0.497255
-0.128256
1.265000
-0.460150
-0.447361
0.139000
-0.654978
-0.437828
0.220000
-0.393140
-0.750996
1.297000
-0.541466
-0.979471
1.143000
-0.582498
-0.969018
0.846000
-0.652547
-1.073898
0.900000
-0.329877
-0.651536
0.151000
-0.582693
-0.720405
0.077000
-0.327525
-0.568322
0.455000
-0.303465
-0.244931
1.608000
-0.493362
-0.514709
1.535000
-0.522269
-0.575416
1.086000
-0.324269
-0.489121
0.781000
-0.591098
-0.646938
-1.567000
-0.345352
-0.412352
1.615000
-0.548527
-0.851611
1.278000
-0.697521
-1.328852
1.921000
-0.721047
-1.274813
1.324000
-0.611790
-0.467225
1.582000
-0.682457
-0.907425
1.453000
-0.636040
-1.208298
1.070000
-0.608652
-1.071957
1.083000
-0.690831
-1.125076
1.133000
-0.630284
-0.775402
1.406000
-0.715035
-1.325539
2.050000
-0.630130
-1.446718
1.524000
-0.425115
0.590991
0.700000
-0.527531
-0.470171
0.485000
-0.532372
-0.824097
1.083000
-0.364144
-0.405354
0.893000
-0.449527
-0.841285
0.706000
-0.613125
-0.133525
0.739000
-0.549726
-0.557038
3.167000
-0.659693
-1.097028
1.878000
-0.589481
-0.861526
1.310000
-0.503637
-0.549777
1.528000
-0.174039
0.786265
0.273000
-0.114351
0.566421
0.439000
-0.568380
-0.412798
0.208000
-0.359652
-0.489637
0.944000
-0.193526
0.489391
1.184000
-0.565423
-0.963126
0.441000
-0.669598
-0.711445
0.611000
-0.413071
-0.631258
0.462000
-0.442765
-0.210830
0.825000
-0.513895
-0.442107
1.038000
-0.547797
-0.402240
1.565000
-0.531034
-0.048906
1.509000
-0.617867
0.039088
1.800000
-0.639226
-0.279364
1.125000
-0.604163
-0.415464
1.189000
-0.701703
-0.774729
1.267000
-0.659354
-0.687446
0.243000
-0.279053
1.194258
1.063000
-0.425957
2.919060
0.346000
-0.563931
0.364886
0.194000
-0.745651
-0.697248
1.120000
-0.505544
0.082680
0.837000
-0.422058
-0.420467
0.904000
-0.657290
-0.581535
1.400000
-0.657825
-0.872644
1.200000
-0.629493
-0.818257
0.273000
-0.491083
-0.715597
1.222000
-0.668174
-0.854532
1.349000
-0.591746
-1.023238
-1.852000
-0.574796
-0.716523
1.167000
-0.659415
-0.762226
0.208000
-0.652329
-1.338296
2.045000
-0.524273
-0.755423
1.774000
-0.699380
-1.023115
1.451000
-0.649742
-1.077721
1.258000
-0.504804
-0.809377
2.088000
-0.568468
-1.026712
1.338000
-0.568468
-0.868447
0.824000
-0.637802
-1.046341
1.230000
-0.502464
-1.018659
1.171000
-0.647200
-1.141577
1.034000
-0.607222
-0.860587
1.279000
-0.605088
-1.024830
0.500000
-0.649906
-1.350861
0.926000
-0.509199
-1.180837
1.514000
-0.517052
-1.114693
1.286000
-0.725086
-1.121445
1.838000
-0.656962
-0.673515
1.674000
-0.561869
-0.809818
1.650000
-0.618776
-0.992923
1.892000
-0.586939
-0.525713
1.068000
-0.695165
-0.845632
1.204000
-0.559858
-0.690686
0.755000
-0.232313
0.067149
1.083000
-0.155007
-0.487510
1.929000
-0.491624
-0.421335
1.818000
-0.587475
-1.209372
1.900000
-0.129058
-0.338589
2.000000
-0.357815
3.107449
1.780000
-0.272951
0.156560
1.353000
-0.553780
-0.320953
1.247000
-0.481509
-0.617646
1.719000
-0.622491
-0.969052
1.522000
-0.529428
-0.881700
1.694000
-0.649788
-0.260844
1.111000
-0.485594
-0.521234
1.500000
-0.646596
-0.801905
0.833000
-0.528316
-0.913966
1.148000
-0.564472
-0.364051
1.038000
-0.603770
-1.210508
1.130000
-0.480004
-1.187233
1.227000
-0.445155
-0.518801
1.048000
-0.498475
-1.122425
1.500000
-0.592776
-0.974953
1.167000
-0.580936
-1.140505
1.630000
-0.110784
-0.083349
0.370000
-0.585372
-1.215479
1.000000
-0.431427
-0.975496
0.973000
-0.520062
-0.793316
1.224000
-0.568675
-1.071074
1.303000
-0.539575
1.187061
1.735000
-0.288548
3.107449
1.348000
-0.482430
-0.248297
1.000000
-0.465464
-0.652655
0.776000
-0.612661
-0.593412
1.878000
-0.708959
-0.898534
1.648000
-0.550884
-0.722236
0.649000
-0.540599
-1.167118
0.913000
-0.554071
-0.529157
0.524000
-0.708144
-0.787933
1.609000
-0.251905
-0.273382
0.590000
-0.572804
-0.602433
1.026000
-0.412039
-0.770328
0.943000
-0.505866
-0.560938
0.267000
-0.450656
-0.778940
1.320000
-0.552037
-1.150595
1.522000
-0.040808
-0.220824
1.850000
-0.223414
-0.033409
1.333000
-0.501708
-0.498465
1.929000
-0.500194
-0.507299
1.444000
-0.401189
-0.664074
1.619000
-0.608344
-0.839820
1.563000
-0.602059
-1.074374
1.381000
-0.623073
-0.986251
1.714000
-0.624516
-1.198356
1.730000
-0.605778
-0.526574
1.382000
-0.585069
-1.066455
1.294000
-0.640233
-1.855047
0.667000
-0.565436
-1.257514
0.000000
-0.620704
-0.755256
2.266000
-0.457301
-0.136172
1.462000
0.091630
0.080537
1.900000
-0.401300
-0.596094
0.697000
-0.550620
-1.181499
1.138000
-0.557274
-1.111911
0.795000
-0.099400
-0.577964
1.000000
-0.321845
-0.723157
0.959000
-0.663843
-1.026212
0.621000
-0.589682
-0.555019
1.727000
-0.234357
0.593030
1.492000
-0.589220
0.180512
1.982000
-0.458374
-0.410494
1.377000
-0.351244
0.796134
0.533000
-0.422571
-0.824927
1.918000
-0.644987
-0.840953
1.450000
-0.589421
-1.193023
1.538000
-0.591926
-1.486926
1.303000
-0.737532
-1.862171
1.154000
-0.599230
-1.633488
0.762000
-0.465464
-1.314174
-1.235000
-0.682058
-1.682257
-1.433000
-0.474414
-0.931201
0.950000
-0.435702
-0.704012
1.589000
-0.588280
-1.060451
1.598000
-0.597977
-1.221131
1.354000
-0.547169
-1.127208
1.354000
-0.604583
-0.765216
0.161000
-0.609597
-1.060198
0.625000
-0.550022
-0.520664
0.135000
-0.535100
-0.687735
0.519000
-0.716304
-1.130685
1.406000
-0.716173
-0.704117
1.189000
-0.610175
-1.104855
0.410000
-0.609452
-1.248732
2.071000
-0.576968
-0.391393
1.345000
-0.439023
-0.074847
0.500000
-0.268468
0.540346
1.545000
-0.561880
0.308571
0.906000
-0.548231
0.457411
1.480000
-0.466000
1.308697
0.921000
-0.544229
-0.391078
0.735000
-0.394632
-0.132591
1.207000
-0.255455
-0.022550
1.029000
-0.540618
0.271902
0.938000
-0.628922
-0.633929
2.222000
-0.633580
-0.601554
-1.195000
-0.687754
-0.838453
1.051000
-0.533420
-0.653146
1.556000
-0.132750
1.594642
1.227000
-0.465813
1.286878
2.019000
-0.525750
-0.039211
1.642000
-0.581774
-0.242858
0.404000
-0.609992
-0.849250
0.702000
-0.566353
-0.610672
0.564000
-0.619838
-0.811140
0.581000
-0.661468
-0.674074
0.807000
-0.465872
0.104324
1.875000
-0.604954
-0.489310
1.286000
-0.484960
-0.835478
-1.000000
-0.601039
-1.214534
0.833000
-0.565501
-0.305956
1.635000
-0.425552
0.452500
1.402000
-0.623410
-0.420439
0.750000
-0.593065
-0.925130
0.577000
-0.614951
-0.352608
0.000000
-0.590803
-0.434362
0.000000
-0.619121
-0.643754
0.231000
-0.574737
-0.419216
0.000000
-0.526655
-0.270540
0.000000
-0.123249
2.075938
0.000000
-0.477500
-0.005378
0.000000
-0.533002
-0.054570
0.000000
-0.674556
-0.752340
0.946000
-0.716331
0.177140
1.150000
-0.620632
-0.943334
0.000000
-0.460839
-0.486015
1.156000
-0.556713
-0.791605
0.000000
-0.550024
-0.667051
1.128000
-0.455441
-0.538189
1.000000
-0.487497
-0.970815
1.191000
-0.531289
-0.853750
0.000000
-0.693782
-0.953295
0.861000
-0.622491
-1.017384
1.500000
-0.529627
-0.600603
0.667000
-0.460310
0.279954
0.905000
-0.615700
-0.810461
0.000000
-0.480695
-0.515910
1.086000
-0.703545
-0.703866
0.455000
-0.649307
-1.079312
1.024000
-0.548618
-0.722559
0.000000
-0.476852
-0.494568
1.179000
-0.527311
-0.779507
0.850000
-0.524865
-1.073085
0.816000
-0.696685
-1.339806
1.038000
-0.521909
-1.359765
0.902000
-0.652088
-1.003921
2.385000
-0.601285
-0.473216
1.448000
-0.490558
-0.687854
0.643000
-0.615719
-0.219795
0.000000
-0.650157
-0.548279
1.438000
-0.578581
-0.117444
0.879000
-0.402892
0.935783
1.086000
-0.467552
2.341250
0.000000
-0.564987
-0.318562
0.000000
-0.423553
0.596313
1.044000
-0.511648
-0.550487
1.314000
-0.564304
-1.017039
1.190000
-0.589532
-0.876974
0.700000
-0.629124
-0.915195
0.294000
-0.561239
-0.901962
1.333000
-0.571605
-0.292899
0.743000
-0.502514
-0.594729
0.145000
-0.642155
-0.742782
-1.032000
-0.673111
-0.543836
1.000000
-0.553670
-0.529539
0.000000
-0.211421
-0.164972
0.844000
-0.605548
-0.955857
1.204000
-0.585316
-0.858581
0.972000
-0.377796
-1.166836
1.703000
-0.582020
-0.978186
0.647000
-0.679147
-0.648741
0.736000
-0.653139
-1.290863
-1.060000
-0.741153
-1.457646
-1.033000
-0.639890
-1.300990
1.396000
-0.530869
-0.908394
0.548000
-0.651528
-0.927626
0.232000
-0.652769
-0.793027
0.128000
-0.674116
-1.412668
1.219000
-0.558639
-0.851854
1.387000
-0.559684
-0.954183
0.475000
-0.626952
-0.957331
1.351000
-0.032633
0.388900
1.594000
-0.465579
-0.013587
1.538000
-0.588563
-0.671390
0.857000
-0.308450
-0.791229
1.047000
-0.640433
-0.686231
1.294000
-0.653410
0.175801
0.913000
-0.675978
-0.588498
0.000000
-0.452110
-0.592433
1.277000
-0.513056
-0.125979
0.692000
-0.634623
-0.337106
0.933000
-0.551848
0.050744
0.739000
-0.533578
-0.815730
0.261000
-0.519055
-0.130939
0.000000
-0.516441
-0.225767
0.303000
-0.326634
-0.286084
0.750000
-0.589582
-0.351335
0.294000
-0.441633
-1.330204
2.412000
-0.199193
0.113187
1.395000
-0.351294
-0.659321
0.550000
-0.573086
-0.861551
0.682000
-0.503776
0.105496
1.031000
-0.513874
-0.242630
1.618000
-0.553926
-0.406597
0.974000
-0.676083
-1.132853
1.821000
-0.560464
-1.027093
2.300000
-0.606951
-0.633407
-1.231000
-0.641415
-1.189754
1.875000
-0.720439
-0.967154
0.667000
-0.618361
-0.928018
1.375000
-0.575651
-0.533436
0.222000
-0.579027
-1.041254
1.450000
-0.638912
-0.878852
0.775000
-0.608728
-1.095123
0.738000
-0.470720
0.881592
2.033000
-0.284773
0.636152
1.424000
-0.586867
-0.132765
0.833000
-0.294042
0.837552
1.257000
-0.462882
0.528973
1.364000
-0.580109
-0.169872
1.167000
-0.566353
-0.677048
0.083000
-0.654120
-0.872803
0.895000
-0.607920
-0.485572
1.381000
-0.445926
-0.487493
0.565000
-0.573109
-0.496110
1.139000
-0.463203
-0.780734
0.286000
-0.612995
-0.847813
2.667000
-0.533697
-0.578273
1.024000
-0.527893
-0.552674
1.267000
-0.524076
-0.759925
1.583000
-0.653284
-1.034166
0.833000
-0.471065
-0.179704
2.115000
-0.477046
-0.212633
1.040000
-0.572017
-0.749669
1.500000
-0.636430
-1.194828
1.000000
-0.629635
-1.159446
1.500000
-0.728077
-0.661013
0.722000
-0.667446
-1.066451
2.000000
-0.643977
-0.839857
1.538000
-0.659477
-1.022894
1.706000
-0.653790
-1.318055
2.125000
-0.597481
-0.778607
0.350000
-0.306709
-0.047880
-2.148000
-0.451151
-1.028698
0.679000
-0.557434
-1.209556
1.357000
-0.287077
-0.717242
0.250000
-0.469316
-0.762845
1.444000
-0.585344
-1.094252
0.467000
-0.517013
-0.879080
1.739000
-0.304263
0.411717
1.667000
-0.526447
-0.770844
2.158000
-0.695000
-0.399754
1.778000
-0.456522
-0.390848
1.304000
-0.598783
-0.474391
0.457000
-0.697951
-0.584502
0.750000
-0.625021
-0.455516
2.154000
-0.457152
0.094832
1.167000
-0.490477
-0.222326
1.652000
-0.492416
-0.622830
2.208000
-0.585780
-0.452477
2.619000
-0.238939
0.727997
0.778000
-0.410507
0.445533
1.524000
-0.539229
-0.023534
0.813000
-0.603032
-0.911026
0.684000
-0.586105
-0.813001
1.214000
-0.654161
-0.845762
1.043000
-0.524715
0.103129
1.422000
-0.497322
0.175128
2.700000
-0.620034
-0.863010
1.474000
-0.548293
-0.984376
0.636000
-0.659864
-1.345769
1.474000
-0.570433
-1.092334
1.200000
-0.454123
-0.601754
1.524000
-0.570907
-0.785093
1.310000
-0.663409
-0.858952
1.737000
-0.488936
-0.000374
0.645000
-0.678567
-0.749313
1.071000
-0.537208
-0.384672
1.029000
-0.363229
0.580150
1.319000
0.165752
3.107449
1.883000
-0.161112
1.624520
2.097000
-0.256936
1.527882
-1.167000
-0.284883
1.595561
1.455000
-0.345269
0.716813
2.267000
0.010603
0.832296
-1.200000
-0.533635
0.267615
1.310000
-0.509961
-0.464404
1.529000
-0.654988
-0.647975
1.171000
-0.483124
-0.318171
1.159000
-0.496636
-0.391182
0.549000
-0.506147
-0.810033
0.961000
-0.554395
-0.658099
2.333000
-0.535790
-0.988375
1.233000
-0.550085
-0.599944
0.836000
-0.335703
2.829879
1.320000
-0.540424
-0.540299
0.950000
-0.598559
-0.659505
1.175000
-0.649087
-0.787713
0.905000
-0.686811
-1.847322
1.214000
-0.691090
-0.954519
1.000000
-0.590689
-0.796601
1.000000
-0.154047
-0.200221
1.536000
-0.401711
0.340054
1.282000
-0.155524
-0.188021
1.385000
-0.348236
-0.151711
1.143000
0.041551
0.121624
1.810000
-0.283926
-0.345879
1.313000
-0.412590
0.211670
2.121000
-0.610746
-0.484472
1.341000
-0.578112
-0.685278
2.265000
-0.571353
-1.089115
2.577000
-0.639521
-0.632501
2.111000
-0.562499
-0.814331
1.152000
0.097864
1.309402
3.333000
-0.179032
1.719749
1.758000
-0.161116
0.942765
1.269000
-0.369029
1.022796
1.632000
-0.342545
1.120908
1.903000
-0.351824
0.395747
0.276000
-0.600737
-1.096920
0.182000
-0.685326
-1.352110
1.263000
-0.658687
-1.594298
0.500000
-0.664611
-0.958809
1.667000
-0.513740
-0.439699
0.840000
0.491223
3.107449
0.571000
0.207119
3.107449
-1.369000
-0.193302
1.037238
-1.579000
-0.392386
0.376308
0.973000
-0.133490
1.235784
0.406000
-0.219977
1.282934
0.073000
-0.236679
0.239104
-1.212000
-0.542887
0.110085
0.358000
-0.366661
0.722142
1.138000
-0.354792
0.112359
1.032000
-0.565171
-0.222258
0.250000
-0.524981
-0.357016
1.032000
-0.337713
-0.153628
0.877000
-0.630612
-0.709463
0.568000
-0.250664
0.317472
0.340000
-0.237927
0.192371
0.938000
0.122684
3.107449
1.606000
-0.158235
1.362022
0.355000
-0.225835
0.235291
0.929000
-0.029561
0.990546
1.128000
-0.357347
-0.016780
0.707000
-0.003668
-0.096130
0.412000
0.565349
1.600167
-1.530000
0.167377
2.326499
0.549000
0.168479
0.696228
0.636000
0.580280
0.827999
0.474000
0.372365
1.719412
0.167000
-0.291902
-0.069074
0.962000
-0.590274
-0.787618
0.708000
-0.079310
-0.761071
0.568000
-0.318576
-0.558132
1.000000
-0.304563
-0.626002
0.190000
-0.179125
-0.292353
0.692000
-0.278790
-0.207425
0.679000
-0.378463
-1.016195
0.938000
-0.109620
-0.283745
1.298000
-0.359302
-0.239582
2.234000
-0.105562
1.165987
1.324000
-0.357029
0.436067
0.875000
0.238251
0.596901
1.000000
0.175320
0.362447
1.667000
-0.007092
0.111385
2.169000
-0.309316
0.814966
2.211000
-0.212678
0.096639
1.839000
-0.113559
-0.043228
0.625000
-0.263175
0.190821
0.456000
-0.187721
0.235135
0.924000
0.220539
1.331805
0.424000
-0.467634
-0.383153
0.939000
-0.206502
-0.347763
0.266000
-0.537924
0.857418
0.460000
-0.250352
-0.090708
2.667000
-0.419459
-0.580960
1.045000
-0.403679
-0.471842
0.667000
-0.230636
0.166422
0.864000
-0.087548
0.673640
-1.056000
0.143992
0.739069
0.790000
0.268572
0.701524
0.800000
-0.053801
0.713241
0.960000
0.171001
1.155380
0.845000
1.377369
3.107449
1.602000
-0.110821
0.796392
1.000000
0.181576
0.109682
0.408000
-0.511890
-0.333896
0.523000
0.054015
-0.123505
0.286000
0.065244
0.198716
0.671000
-0.325472
-0.271163
0.411000
-0.442625
-1.013088
1.103000
-0.033693
-0.079924
0.915000
-0.129774
-0.681330
0.826000
-0.529177
-0.827521
0.745000
-0.504561
-0.766876
1.066000
-0.415895
-0.546662
0.613000
-0.247507
-0.306414
1.126000
-0.215695
-0.174902
0.955000
-0.382085
-0.638260
1.119000
0.274056
1.111756
0.000000
-0.166001
-0.276809
0.860000
-0.320722
0.476086
1.145000
0.698984
3.107449
1.207000
0.122527
0.545601
1.469000
0.038364
-0.186050
0.680000
-0.389632
-0.388397
1.726000
-0.242715
-0.059653
1.563000
-0.017029
-0.272142
0.412000
-0.531386
-0.716263
1.587000
-0.494863
-0.683564
1.211000
-0.341064
-0.777923
1.287000
-0.472949
-0.870315
0.922000
-0.536996
-1.134749
0.000000
-0.653560
-0.650195
1.270000
-0.340274
-0.619132
1.123000
-0.540723
-1.064358
1.121000
-0.422694
-1.018492
1.135000
-0.392552
-0.473660
1.117000
-0.268802
-0.311051
1.042000
-0.428448
-0.848094
0.000000
-0.255496
-0.752891
0.775000
-0.354546
-0.768563
1.206000
-0.449888
-0.849658
0.991000
-0.434558
-0.381537
1.226000
-0.620021
-0.401331
0.450000
-0.523389
-0.001585
0.670000
-0.314786
0.189218
1.098000
-0.523777
-0.544932
0.808000
-0.485788
-0.658962
1.375000
-0.452911
-0.566311
1.093000
-0.279133
-0.103329
1.018000
-0.415947
0.173900
0.402000
-0.504994
-0.271331
1.007000
-0.513565
-0.560513
1.007000
-0.526807
-0.653972
1.058000
-0.576450
-0.443693
1.000000
-0.520323
0.813167
0.926000
0.014430
0.924459
0.830000
-0.378001
0.163159
0.629000
-0.392277
-0.603546
0.937000
0.296033
1.239226
0.973000
-0.509585
0.361358
0.306000
0.001087
1.315596
1.121000
-0.362651
0.690495
0.321000
-0.230769
0.326042
0.808000
-0.383032
-0.051538
0.560000
-0.576452
-0.015259
1.217000
-0.169594
-0.413066
0.670000
-0.182658
-1.026243
1.033000
-0.290653
-0.229296
0.948000
-0.349559
-0.737572
0.523000
-0.453485
-0.626620
2.000000
-0.678622
-0.963649
5.000000
-0.553321
-0.870932
0.000000
-0.524139
-0.695998
4.000000
-0.566142
-1.242109
0.000000
-0.664687
-1.067175
0.000000
-0.463393
-1.137011
-1.500000
-0.637116
-1.257618
-1.333000
-0.421219
-1.114823
-5.000000
-0.526103
-0.991525
-5.000000
-0.328975
-1.099611
0.000000
-0.309449
-0.936295
0.000000
-0.236675
-0.785713
-2.000000
-0.268690
-0.418866
-2.000000
-0.013639
3.107449
-1.778000
-0.074217
0.511132
0.545000
-0.376799
0.610834
-2.143000
-0.417573
-0.095139
0.500000
-0.218733
-0.215378
2.500000
-0.574458
-0.558577
3.000000
-0.381228
-0.220666
0.000000
-0.668942
-0.088157
3.000000
-0.537154
-0.581868
2.500000
-0.447566
-0.444563
3.000000
-0.440097
-0.040602
-2.500000
-0.445734
-0.985907
0.000000
-0.314848
-0.540845
-2.500000
-0.311091
-0.202456
-4.000000
-0.413524
-0.401540
0.000000
-0.324653
-0.203308
2.000000
-0.389632
-0.414075
0.000000
-0.252535
-0.782459
3.000000
-0.652821
-0.498660
1.926000
-0.636256
0.224130
1.805000
-0.459361
-0.869025
1.333000
-0.489199
-0.955992
2.175000
-0.634129
-1.263894
2.154000
-0.644588
-1.263339
1.811000
-0.502812
-1.018561
1.787000
-0.551595
-1.069761
2.195000
-0.434921
-1.112117
3.500000
-0.543485
-0.935623
3.000000
-0.490871
-0.801733
0.000000
-0.294487
-0.278169
0.000000
-0.597168
-0.759222
0.000000
-0.265401
0.258843
2.000000
-0.371930
0.072967
2.667000
-0.478483
-0.873049
0.000000
-0.546651
-0.525420
0.000000
-0.495061
-0.957234
0.000000
-0.282591
-0.758962
-1.000000
-0.584602
-1.073257
0.000000
-0.439040
-0.583880
-4.000000
-0.330720
1.293551
1.565000
-0.430429
-0.953797
2.490000
-0.562989
-0.577943
1.047000
-0.493027
-0.508880
0.683000
-0.644388
-1.159173
1.191000
0.307428
1.463146
1.033000
-0.343587
-0.454654
1.941000
-0.088836
0.945572
0.953000
