7.418217407048812717e-01
7.397310623320075829e-01
7.187567854120940902e-01
7.301690144996237919e-01
7.524056920505832746e-01
7.173686807875511162e-01
6.828549014634743841e-01
7.013592638393263412e-01
6.411104193217257441e-01
6.089596256371968552e-01
6.034718811428907426e-01
6.556284395994489422e-01
6.630674689099665953e-01
6.891840574678438358e-01
7.011475512612859173e-01
6.529101302038372578e-01
7.160429712029502403e-01
6.598766251964528484e-01
7.007257840910897650e-01
7.118766147234899533e-01
7.552405615554246276e-01
7.563503130478586023e-01
7.607859304690921531e-01
7.455053644551659087e-01
7.881378682837210103e-01
7.651973903193310944e-01
7.956597735048969167e-01
8.643251758459319367e-01
8.679253286602439665e-01
9.214382487058513371e-01
8.695537852567748471e-01
8.245535949944241549e-01
9.201336104590018827e-01
9.078868505031116865e-01
9.091866343171988163e-01
9.359322914182276465e-01
9.381808130346162011e-01
8.930050280824508580e-01
9.242943068677230700e-01
9.343758100186836391e-01
9.322012010649802782e-01
9.127881428915960438e-01
9.631765150966804523e-01
9.405639533887875103e-01
9.420740267351921382e-01
9.293755176646184557e-01
9.232248644783697111e-01
9.293097465208203234e-01
8.768046054876728057e-01
8.583826257094154810e-01
8.707082629325435530e-01
8.452663485797317078e-01
8.070136318767211492e-01
8.285000052590340003e-01
7.622221147962020549e-01
6.777160456058064497e-01
6.421387446470359084e-01
6.683712921142153096e-01
6.371614703460352080e-01
6.352893879728518378e-01
6.081284708026186703e-01
6.194974368876161597e-01
6.284137327406739137e-01
5.702300203764780751e-01
5.393880950837782740e-01
5.168607076795183053e-01
4.758743393440968972e-01
4.920101969710687362e-01
4.710994109002688557e-01
5.036039853340514849e-01
4.518540502160766636e-01
4.324251840243904521e-01
4.728353950628229052e-01
4.511668452610863578e-01
4.089413950397362552e-01
4.325515355397335227e-01
3.568193543510665977e-01
3.807548544988004213e-01
2.943658302636402158e-01
3.296332253533456047e-01
3.457204431567402203e-01
3.543080009943613828e-01
3.540938042400279540e-01
3.327964639369463407e-01
3.145274072387533870e-01
3.203144745359621792e-01
3.635752696800678696e-01
3.427300695402105690e-01
3.631282093397075750e-01
4.244797996295017750e-01
3.833871517053705769e-01
3.864029839354202189e-01
3.807464903107153908e-01
3.959725723602673386e-01
4.141238592510634864e-01
4.049915129484099041e-01
3.972632407293769652e-01
3.937743963331031827e-01
4.048272898605398407e-01
3.992750379293929508e-01
4.323819514953066712e-01
3.911867301047710632e-01
3.523922182547459259e-01
3.584786750533631161e-01
3.194978523149168415e-01
3.282988366254784851e-01
3.436360133183942178e-01
3.547132496644296307e-01
4.279104212022084019e-01
4.439066953460839571e-01
4.197816154014176737e-01
4.529791197993639496e-01
4.924834744786634189e-01
4.265985666156092426e-01
3.939156573127199912e-01
3.682241528168901379e-01
3.818654483376902053e-01
3.433607847596509832e-01
2.547704739038222921e-01
2.606623860898894529e-01
2.799328503422800485e-01
2.721792424110441311e-01
2.109917437904935689e-01
2.077365113454678058e-01
1.472951312533249402e-01
1.271091426892802523e-01
4.553570798360079969e-02
8.983398257278864957e-03
0.000000000000000000e+00
1.630483012208230539e-02
1.345456177564795797e-01
1.109976242934559015e-01
1.388030547341837506e-01
1.552734588203198429e-01
1.489389540204607287e-01
1.368258296766582671e-01
1.447326754832610474e-01
1.530153540503265686e-01
1.458809434592404919e-01
2.162159693693025964e-01
1.718798482389103099e-01
2.072655518401311514e-01
2.134944014218005670e-01
2.557365571883463140e-01
2.754489912667554830e-01
2.699661359250922765e-01
3.031784089380733516e-01
3.103283267555987379e-01
2.913658934796920508e-01
2.286418843068264706e-01
2.545723195948463302e-01
2.990182125861366447e-01
3.137996269841877295e-01
3.497739036488041187e-01
3.166835307268590638e-01
3.139802596989068051e-01
2.542278799504227305e-01
2.285762712408082320e-01
2.195095896335109154e-01
1.999653303816261163e-01
2.301792563460126340e-01
2.040022927178231360e-01
2.256004032093155143e-01
2.027085401759393946e-01
2.437023308407735844e-01
2.917182961847913925e-01
2.943200310395113206e-01
3.534275773824435696e-01
3.119332469849253053e-01
2.936601515414282715e-01
3.088870729270518645e-01
3.771864131751586635e-01
3.581891762203630036e-01
3.833943535548653969e-01
4.644813077504857390e-01
3.809664817183205932e-01
2.860851022893382001e-01
2.743397103972255446e-01
2.422620414721238236e-01
2.420753087736565723e-01
3.011458291194477055e-01
3.149905976385334316e-01
3.779880724456644581e-01
3.906621025362247424e-01
2.975912044798426082e-01
2.747075523913713457e-01
2.725900599376605005e-01
3.373423583973754747e-01
3.168111755966046550e-01
3.282616243451471072e-01
3.544537810964358826e-01
3.250878662829373988e-01
2.722908504996372492e-01
3.248035559264076944e-01
2.925314034056952228e-01
3.210370725857327745e-01
3.507147915408039829e-01
3.399331752806480367e-01
3.800341666014617759e-01
3.743922972565814078e-01
3.869806474215390923e-01
4.157890825419125469e-01
3.712380928821771842e-01
3.872405068288554131e-01
4.331984819828159639e-01
4.369963263060348546e-01
4.941686126386309885e-01
4.954596537588519256e-01
4.856505353234522593e-01
5.453142318521293497e-01
5.458223228353971113e-01
5.575860526946565532e-01
5.967595837883360455e-01
6.540561079113359488e-01
6.550426560555265842e-01
6.849374707169739729e-01
7.302303175361465337e-01
8.004165005304708647e-01
7.718780758475924930e-01
8.401180041945244259e-01
8.436102535716766271e-01
8.958175019426154462e-01
8.717238590008848931e-01
9.286642526928210462e-01
9.215890678316616125e-01
9.956704394199785702e-01
9.781093938979676938e-01
9.818413255427123065e-01
8.809052953680102105e-01
8.469742165109601650e-01
8.060321888211992025e-01
8.508256289703112207e-01
8.747259826290059159e-01
9.332712354239434127e-01
9.167518814896510326e-01
9.081089867477344368e-01
9.524984099389981473e-01
9.385339648729159601e-01
9.464230169879218613e-01
9.240888546853082142e-01
9.100748947923843479e-01
9.024595094940719431e-01
8.916277184901011399e-01
8.469980905848278896e-01
8.360387940528216655e-01
8.097398678967333563e-01
7.850287071489284729e-01
7.883855317231707183e-01
7.502589171560171133e-01
7.667410101311294968e-01
8.033478141512916393e-01
8.149943383347054704e-01
8.264886554514419004e-01
8.665427275898989201e-01
8.918987294475396732e-01
9.303685539187377396e-01
9.125672702660782010e-01
9.578798314278176296e-01
9.637476492216667801e-01
9.390758069791464990e-01
9.224935090367748503e-01
9.117894573785835233e-01
9.237246204601559096e-01
8.880772348823661178e-01
9.314852332504439669e-01
9.450150466793222348e-01
9.462659412635856526e-01
9.438868441139877108e-01
9.499047317009093883e-01
9.196637103127389690e-01
1.000000000000000000e+00
9.091963020091083925e-01
9.626284045448877391e-01
9.467004555768959717e-01
9.017403474774415839e-01
9.113817035498393837e-01
9.199902806339593786e-01
8.895212831195352665e-01
8.534325604041232971e-01
8.574873649613682369e-01
8.836028466637977363e-01
9.414128516648826439e-01
9.277206321593366445e-01
9.236625138543521629e-01
8.682640339908237470e-01
8.259308680382471124e-01
8.561204331691187885e-01
7.979974490925296760e-01
7.491372563911627980e-01
7.768182562971011063e-01
7.673155659190135092e-01
7.197860532262064792e-01
7.158451836746609898e-01
6.774020207442849051e-01
6.766971375497712327e-01
6.324388828391920292e-01
6.153296615625158950e-01
6.076426357563080582e-01
6.051108751137320718e-01
5.992356100105189487e-01
6.545418861766862939e-01
7.563146581572065541e-01
7.494369402702304450e-01
8.190039059492133511e-01
7.971671590930649032e-01
7.790413734984120708e-01
7.394650616097625528e-01
7.701764888534823328e-01
7.793885422783146666e-01
7.466950830934254713e-01
7.693804229259531002e-01
7.734088908266429918e-01
7.689598619053549244e-01
7.841093048377734132e-01
7.341657726271093587e-01
6.745725377013822577e-01
6.274614543043788295e-01
6.460497142114528524e-01
5.758198933671863085e-01
5.019195558164705195e-01
4.322550355737065919e-01
4.937861717500215408e-01
4.643657501875139704e-01
4.822958553495005352e-01
4.156427734081001857e-01
4.737741229676072363e-01
5.059691545601904261e-01
5.107651063303522143e-01
5.278310980990574830e-01
5.505879749483160168e-01
5.383550529955943853e-01
5.468084433502763408e-01
5.432934177993058444e-01
5.546970835211935125e-01
5.445915127055577232e-01
5.232299782524630904e-01
5.403900368397579479e-01
5.665429630849017073e-01
6.239445933335735495e-01
6.160417407988125760e-01
5.503675263671452544e-01
6.085861001674307547e-01
6.260219759746292745e-01
5.936250659490257542e-01
5.709073917465941062e-01
6.027971614337483963e-01
6.538478245576435643e-01
7.213804880409974141e-01
6.698324988232158272e-01
6.594831092268851336e-01
6.653433802226286220e-01
6.551073715612865112e-01
7.100584486536452022e-01
7.480952251976876743e-01
7.802673953906135162e-01
7.401922185497771256e-01
6.801429893512248581e-01
7.075327722343095482e-01
7.056141015142818329e-01
6.639353643295975438e-01
6.520339860427005751e-01
6.282810767678435049e-01
6.318797864915662865e-01
6.672472232331604358e-01
7.062612045298198860e-01
7.184539234535392005e-01
6.984434915511257280e-01
6.601494471105971984e-01
6.003188823751859360e-01
5.722734456195303077e-01
5.726194609030117455e-01
5.614024715197801774e-01
6.061276473307074530e-01
5.784862002306028206e-01
4.816431366055290986e-01
4.997152097669603776e-01
4.745790233283897486e-01
4.777166336399645274e-01
4.701406020795309559e-01
4.742351353943050629e-01
5.035957895362854764e-01
5.153498294498716215e-01
4.562219378044833906e-01
4.297903015343453315e-01
4.465761474011107901e-01
4.456417371271230721e-01
4.876996947982054076e-01
5.594374688888605895e-01
5.079896922755828825e-01
4.884633647135980805e-01
4.963994645039970788e-01
4.077803466981216318e-01
3.842904962479113951e-01
3.756975127900760714e-01
3.697616589802746878e-01
2.942559880404091444e-01
2.493506146797175305e-01
2.855636470319483644e-01
2.723580001529932182e-01
2.425640564484806694e-01
2.891574580266593752e-01
3.074151926908356702e-01
3.288745258180431619e-01
3.973313430758198539e-01
4.398259126839915156e-01
4.336141182054525367e-01
4.205738942636904620e-01
3.602493519150317125e-01
3.962362638247176050e-01
3.741020734152380456e-01
3.646856290960437397e-01
3.652645570905491690e-01
4.104524801560741065e-01
4.417328655024855277e-01
4.304621381760092569e-01
3.951793676527762256e-01
4.240260621151114018e-01
4.098273535497000131e-01
3.631573713953413218e-01
3.534897366638996563e-01
2.989029778625356681e-01
3.144628897084513763e-01
3.144548119628302607e-01
2.978718768183863941e-01
3.027937342193400827e-01
3.354281459280661903e-01
2.152628579777789708e-01
2.071134788897011081e-01
1.747449152836601516e-01
1.512237027529055033e-01
1.523332008356675094e-01
1.562947580523401381e-01
1.813799044508058456e-01
1.168280485251009526e-01
1.286766016346072017e-01
1.386570452470557435e-01
1.288455536305680160e-01
1.659283157465888670e-01
1.394842322826016223e-01
1.186107920670473881e-01
1.194688653913186654e-01
1.883566447692659740e-01
1.922089367785544678e-01
2.191824288503809726e-01
2.250646114747773263e-01
3.065762685622657191e-01
3.381743207433458576e-01
3.273918290882590898e-01
2.907316476673291183e-01
2.613728240796491242e-01
2.999629069811584059e-01
3.499780507078863456e-01
3.344576331761486832e-01
3.810508572722451914e-01
3.786393806668542084e-01
3.641107211452833115e-01
3.656797075280748266e-01
4.235402525933071871e-01
4.135540670082264447e-01
3.547862341107197448e-01
3.795893192386100012e-01
2.836182144519452386e-01
3.418767192976779334e-01
3.011277791735776366e-01
3.396164560202548088e-01
3.318653184582029958e-01
3.009208019157834091e-01
3.314862499991192424e-01
3.386252730674511047e-01
3.501766077643797548e-01
3.705918148724317018e-01
3.676465798227138149e-01
3.530733376866528883e-01
4.025858847449756972e-01
4.305250090827622556e-01
4.332633102419114479e-01
4.388196329823030317e-01
4.991632656546945435e-01
4.619275793521003814e-01
4.465577591872483265e-01
4.632287894733208566e-01
4.622472497721131779e-01
4.776125651750339207e-01
4.342412605162825900e-01
4.349214805989294330e-01
4.437583230615726460e-01
4.389719350246552021e-01
4.336035627731534281e-01
3.809905653008510695e-01
3.714049221776323795e-01
3.604521927832391448e-01
3.464742072000138173e-01
4.040715601782093325e-01
3.567044220858885395e-01
3.778582655253064915e-01
3.591901696599741345e-01
3.635649354004047429e-01
3.573077051821280659e-01
3.970156621396228602e-01
4.028676923477876315e-01
3.716347753038392043e-01
3.645293191698856239e-01
3.749755783952781196e-01
3.727749977325086062e-01
4.177932296913598464e-01
3.987843759322458603e-01
4.172780009870449280e-01
4.798182204787710403e-01
4.953649327536304159e-01
5.405964917032426431e-01
5.243713328800223561e-01
5.151139833577282889e-01
5.320285373235728033e-01
5.292192310694923130e-01
5.526748253278698231e-01
5.665064675774111880e-01
5.695032259076534542e-01
5.505805543123567514e-01
5.316795691836373461e-01
5.343448031969861844e-01
5.291517148173515706e-01
5.110622217593567829e-01
5.788137150887616711e-01
6.284755714610300581e-01
6.532424325656345232e-01
6.475134247633128615e-01
6.525312935476174081e-01
6.569384676686625957e-01
6.677442429799212986e-01
6.210470122980110697e-01
6.514642466046298708e-01
6.705920345633609170e-01
6.793187339464417107e-01
6.332805765831059919e-01
6.212281796157319569e-01
6.052030153986677208e-01
5.510126625852096449e-01
6.287410727342507277e-01
6.303540670119708311e-01
6.558168661720874537e-01
6.895348857051584179e-01
6.929379036249956325e-01
6.722797317786699534e-01
6.989536237926896600e-01
6.647713356373743387e-01
6.349652154114840963e-01
6.371397374135590042e-01
6.393747495705897066e-01
6.164108463124982062e-01
5.693684748250494865e-01
6.371797479205731918e-01
6.294149853417309037e-01
5.392199104076483840e-01
5.776701391250909090e-01
5.701801791118106255e-01
5.439381598630367298e-01
5.968434716370428772e-01
5.281288533936314700e-01
5.656793700127484836e-01
5.765485780461550025e-01
6.077293874759166492e-01
7.144243525282192309e-01
6.206284364850945812e-01
6.309296963513534307e-01
6.613743113669906526e-01
6.623026030692864552e-01
6.207358902029518344e-01
7.053897687716003118e-01
6.798481864954440956e-01
6.116291425060556008e-01
6.581084313686892395e-01
6.881332743154754406e-01
7.312909721508715766e-01
6.878401046009049447e-01
6.523777769509928603e-01
6.792723519978590696e-01
6.806572196974485234e-01
7.177299506274937846e-01
6.976090508926620082e-01
6.816866764935679557e-01
7.092347054058667499e-01
7.174402581527694611e-01
6.775120887692984706e-01
6.628093410072821712e-01
6.532301905672803777e-01
6.011823935926213780e-01
5.809750475351160848e-01
5.241094597603749294e-01
5.834492335667352814e-01
5.762717782548495427e-01
5.714578520971131947e-01
4.923809072606922799e-01
5.100384397064010589e-01
5.992989404275282928e-01
6.080972631606692547e-01
6.099931821436413992e-01
6.102057041081698774e-01
5.792770174740299316e-01
5.812275045192610845e-01
6.043013740070227735e-01
5.741881085159133979e-01
4.786236891373851776e-01
5.106066634262583781e-01
5.095882235119800763e-01
5.283184881698074209e-01
4.950737485494410284e-01
5.019454835853978114e-01
4.716660517031146527e-01
4.630704050450298870e-01
5.020860978405748964e-01
4.821800333811864236e-01
5.256209597777264930e-01
4.814209209207273021e-01
4.080600388286624858e-01
3.610156527316721320e-01
3.333479188702538898e-01
3.594379396962570361e-01
3.872931897753158492e-01
4.516742748985162481e-01
4.074787731289359893e-01
4.111476763784420729e-01
3.889649269513025254e-01
3.617819844737353852e-01
4.094588181391387582e-01
3.520498772653900543e-01
3.085094947095071150e-01
3.340633077732496070e-01
2.427692188246964866e-01
2.585919037733777071e-01
3.043066282957643809e-01
3.129979025450929098e-01
3.398392336516183887e-01
3.286837318712047540e-01
3.602599073200692392e-01
3.798911763314650192e-01
3.621267340050390304e-01
2.840521610654009321e-01
3.343064939550188241e-01
3.505411318684438782e-01
3.587909275413835308e-01
3.564936612591423359e-01
3.054994733884079938e-01
2.799329798524337609e-01
3.089457775741443202e-01
3.176030272127587373e-01
3.361238561354550902e-01
3.239050776685306055e-01
3.353884273022664786e-01
3.794421848646195583e-01
3.698687790959956367e-01
4.404350547489497281e-01
4.209658662683899433e-01
4.096099099149322353e-01
4.261292387059388842e-01
4.766410237866207100e-01
5.174353138351390768e-01
5.280864723238513081e-01
5.036413069439996670e-01
4.733179368010358434e-01
4.619998050265509693e-01
5.162817711117975161e-01
4.983586334675767504e-01
5.093767551888513934e-01
4.724489550805498483e-01
4.622824340364808382e-01
4.453341354173264710e-01
4.769193062751038159e-01
4.521873159137521081e-01
4.844250480524518454e-01
4.378471794129861761e-01
4.369517286333018946e-01
4.501720686220589407e-01
4.390124340850002915e-01
4.013354319029169281e-01
3.650020403090514232e-01
3.514192425338000247e-01
4.150786405470431872e-01
3.508519634171626267e-01
3.156703303131961347e-01
2.909370816311841468e-01
2.904288706032957523e-01
3.172784744357352582e-01
3.290470986281426313e-01
3.433999547289765530e-01
3.583076046251967295e-01
3.464306120925944033e-01
3.624511108151036720e-01
4.118473083551875691e-01
3.912726282229256336e-01
4.139719565455766692e-01
3.625818581220400239e-01
4.058063657042634276e-01
3.384343142085994294e-01
3.572270870655340769e-01
3.155176258688634494e-01
2.981051453535819018e-01
2.216516795668297402e-01
2.664061146406811464e-01
2.963550600158931236e-01
1.979404973781887511e-01
3.550810697477053690e-01
4.813676517378367992e-01
4.904144817032313752e-01
5.553904314476457715e-01
5.923310625582627331e-01
5.749428052029151859e-01
5.511439264334585530e-01
5.927542437208497272e-01
5.712367693243840527e-01
5.973240201838094787e-01
6.179426407814637701e-01
6.178990917953010031e-01
5.628492142627644634e-01
6.065760864846513334e-01
5.148292899979061144e-01
7.660091598765307319e-01
9.086302203219693840e-01
8.620738936481572301e-01
8.684718246539711028e-01
8.633857734508001425e-01
7.982514097319998170e-01
8.185433717765583372e-01
8.630786365325463505e-01
8.296764276988679576e-01
8.327217890638179965e-01
8.155964530458381656e-01
8.398372780012355321e-01
8.709036722410031794e-01
8.496686027618267634e-01
8.983786558733704020e-01
6.891097051512974359e-01
6.118219773962483288e-01
6.800450600998904083e-01
6.214461685055522322e-01
6.838225387483440887e-01
6.831019252571154388e-01
7.425165612949552463e-01
7.836973604056874931e-01
7.975783990575738835e-01
8.500391743898907393e-01
8.166677906967841905e-01
8.188285769058080144e-01
8.255721712845209836e-01
8.391852144043803197e-01
8.703370198293606252e-01
8.685055153485634616e-01
8.399020511842792969e-01
8.878130850239972505e-01
8.520137548351098822e-01
8.492716157256912091e-01
8.560380220812252583e-01
8.519846936331726406e-01
8.700682201574774233e-01
8.334214630619872777e-01
8.029273508644712010e-01
7.825001315697135418e-01
7.708227841442483186e-01
8.509700475753199100e-01
8.125831553899013349e-01
8.071253167908171156e-01
8.140151200860125114e-01
8.361412012385256443e-01
7.651824009970583651e-01
7.252796981940776710e-01
7.356520758722555620e-01
7.143250705277498502e-01
7.267033828299170883e-01
6.805051660368744981e-01
6.966068705665534599e-01
7.664956015570443260e-01
8.206954219104202197e-01
8.080905033774908874e-01
8.455033993113729718e-01
8.151614105556095335e-01
7.960349239830498691e-01
8.143640496689736885e-01
8.716151090216853747e-01
9.214832261621993537e-01
8.594209073427560019e-01
8.508379765326554711e-01
8.856199799434070208e-01
7.982474086797810564e-01
7.896362437475823448e-01
7.820614339980007657e-01
7.990752846289009836e-01
8.450710938615543233e-01
8.272838656292161863e-01
8.605693085282591914e-01
8.966283114281788924e-01
8.927377046401235861e-01
9.225037553287539493e-01
9.454929873246973315e-01
9.417710880724041722e-01
9.779505903813220380e-01
9.725404927695112667e-01
1.000000000000000000e+00
9.875909437150794945e-01
9.628113245569899226e-01
9.412529195084071709e-01
9.037378301403317105e-01
9.944685630775551566e-01
9.852212513802106608e-01
9.560606968505177550e-01
9.451970896796537680e-01
8.625402456090461856e-01
9.617705428360959763e-01
9.265004906354706860e-01
8.872943657240507376e-01
9.696826850148537735e-01
8.864595883810999499e-01
8.678600430024472345e-01
8.724053954619285234e-01
8.557406938779612560e-01
8.651779409926612097e-01
8.095922435809069784e-01
8.644251663526013596e-01
8.646980398782130317e-01
8.411185239022861415e-01
8.651410068578035961e-01
7.947026005067974186e-01
8.040908727386135713e-01
7.953868921804948533e-01
7.695827885269586055e-01
7.726929623165189609e-01
7.792615355576072433e-01
8.263955008118553103e-01
8.156508038111077719e-01
8.125401075458291711e-01
7.728819019093524645e-01
7.628933177360450735e-01
7.774862016714524371e-01
7.269375686854190333e-01
7.432134324658902225e-01
8.021571989710942763e-01
7.799251064534914457e-01
6.994909711351793291e-01
7.509453744523669760e-01
7.684397429051093020e-01
7.439768673319467895e-01
7.640743902823342593e-01
7.790623403907168676e-01
7.871573222177343787e-01
7.622667038676013140e-01
7.766356542631490667e-01
7.949418165647346157e-01
7.716820419810342946e-01
7.569198045126195318e-01
7.941152851092179166e-01
7.786973203497736806e-01
7.308075139355567629e-01
7.747854395527099536e-01
7.849188118265117975e-01
8.241759723082486833e-01
8.547771554734699961e-01
8.676012455056379968e-01
8.531534058765158912e-01
8.351898665077667205e-01
8.202425454379551617e-01
7.848544548966489565e-01
7.557432869933690123e-01
7.544582553562085847e-01
8.135101077725086505e-01
7.539078061544948195e-01
7.667428195083739739e-01
7.433824854125702375e-01
8.094586389546272187e-01
8.269344240177288752e-01
7.715799545434357531e-01
7.416607648645021644e-01
7.684900558122579328e-01
6.810765401666726282e-01
6.968556020952161312e-01
7.239507862083087719e-01
7.819554568849503839e-01
7.804894998712549326e-01
8.261864434919956590e-01
7.646205693271329595e-01
8.127739746066110493e-01
8.427774084799056764e-01
8.305869107603177648e-01
8.516655856803360125e-01
8.749745485778005483e-01
8.380274779491500015e-01
8.428739703144797479e-01
8.618492086182472089e-01
8.608608197555910335e-01
8.241064854537460960e-01
8.468718855199237616e-01
7.873929319616463918e-01
7.926543463391240163e-01
8.437859015241728766e-01
8.361943472672821454e-01
8.621858381767696367e-01
8.302410879180864844e-01
8.111022153349903840e-01
7.871532304296251503e-01
7.360413272154104902e-01
7.463716108295165297e-01
7.053692165847991191e-01
7.711334012969119911e-01
4.883259076997240600e-01
4.172467170400344649e-01
5.097677425306372800e-01
5.450058998107856212e-01
5.914553350541158494e-01
5.758956146557189237e-01
5.930334339931291332e-01
6.037150124156843711e-01
6.093049321615715552e-01
6.052415631075097613e-01
5.674708167381873336e-01
5.766631361757867946e-01
5.753825272843496874e-01
5.725196689321526700e-01
5.039029009333063636e-01
7.412591777782485680e-01
8.834045316201780684e-01
8.877796027004918322e-01
8.662356709834424517e-01
8.875802811246125135e-01
8.399888026660845552e-01
7.983674216951334168e-01
8.963590648393461313e-01
8.301648788951661029e-01
8.022235885885075080e-01
8.396590589748773592e-01
8.123559132051821896e-01
8.724592886498677702e-01
8.372986643524439332e-01
9.251501945138966843e-01
7.203327865730669854e-01
6.090872816503064557e-01
5.259060558154481368e-01
4.917792070188196640e-01
5.074878429997260465e-01
4.779822875697423146e-01
5.523259528026054355e-01
5.321836756003516244e-01
5.237177668067225511e-01
5.178090565052873018e-01
5.327023989300415652e-01
4.908238321565426276e-01
4.636123796447680911e-01
5.012135687778642712e-01
5.689762475567168298e-01
5.433543084583685179e-01
5.582547243428321870e-01
6.296644121079284506e-01
6.561016826473285990e-01
7.080192900612848339e-01
6.375432801947739092e-01
6.160355357012426980e-01
6.703732885673742148e-01
6.492730308041579912e-01
5.903817374833771892e-01
6.305775023465575169e-01
6.396737041619519060e-01
5.493885603037669263e-01
6.394961713072008225e-01
6.790486881643418293e-01
6.840328378489990424e-01
6.744982477573397972e-01
6.656921783300625561e-01
6.514733520460124216e-01
6.144431177955402834e-01
6.260377199312766594e-01
6.281934031209904790e-01
6.015517255806358543e-01
5.814057583848820654e-01
6.013887096841589175e-01
5.360403834753373342e-01
5.056126729496303041e-01
5.476830839968175324e-01
5.201134909320468402e-01
5.017130195301396922e-01
4.980065026621538493e-01
5.119867688799323302e-01
4.988439937623392884e-01
5.343274724858491087e-01
6.083305221072556890e-01
6.766330568754996833e-01
6.923402824762615593e-01
6.693205358046180331e-01
6.640623338804212406e-01
6.015142983132162335e-01
6.101943423197184746e-01
5.583180854784995928e-01
5.840188840163461625e-01
5.542417954433256355e-01
6.279172459815011154e-01
5.473274834700401215e-01
5.659048041625744929e-01
5.387759272981063052e-01
5.639525058812201452e-01
5.406586736162818374e-01
5.227070465782384101e-01
5.723664531876415662e-01
5.371597502473682839e-01
5.599361842061995054e-01
5.823387609863202030e-01
5.604786025555685836e-01
5.264337295406550377e-01
4.858514895208354556e-01
4.932270492290117825e-01
4.252469815940064790e-01
4.977378835830328918e-01
4.860617549734723153e-01
4.400870404809539838e-01
4.287341929796469886e-01
4.105930953751246171e-01
4.429384204676153902e-01
4.064145304456761032e-01
4.341616338558778043e-01
3.491907590585892063e-01
3.203448607908923051e-01
3.495731168448871773e-01
3.742723709138770505e-01
3.912161884527581845e-01
3.661219639394507341e-01
3.239443918232502440e-01
3.506679412466644497e-01
2.719018450435407019e-01
1.852793408980741852e-01
2.174007505502317805e-01
2.237520472327216015e-01
1.667709763044113169e-01
1.811038588142827865e-01
1.931260587624241687e-01
1.426458170165759987e-01
1.558376969497350661e-01
1.661540791252784366e-01
1.436964234685579600e-01
1.745962758013189786e-01
1.816701647505362949e-01
1.946215082191041224e-01
1.897967290558136289e-01
1.886954375264046357e-01
8.090124463092618345e-02
1.012331061794195103e-01
7.488398612244609454e-02
4.699973174937405185e-02
2.280240722718835170e-02
0.000000000000000000e+00
1.158944546051314667e-01
1.552721947459368979e-01
1.212357686578741517e-01
1.273500575193921569e-01
9.965974723041128025e-02
1.244454632621248419e-01
1.183955894236376621e-01
3.586168947419796083e-02
1.241872067051007777e-01
1.262612727790101141e-01
1.462909779990586856e-01
1.422799070750518369e-01
2.087064604920707001e-01
1.981699200552952400e-01
2.441460750833672755e-01
2.213296005171512815e-01
2.705553417316409193e-01
2.534170056454665421e-01
3.169616421488475888e-01
2.846645464771049849e-01
2.665502062467432487e-01
2.898375234244326415e-01
2.597111070999829630e-01
2.862006969599659723e-01
3.270122656995068100e-01
3.071103366119662392e-01
3.321996629140071544e-01
3.879029360425285677e-01
3.658334558805860226e-01
3.775668046720001003e-01
3.935989438096673121e-01
4.187543542905040606e-01
3.677720627464507452e-01
3.570815640838878036e-01
3.524084265431651763e-01
3.457439947852520845e-01
3.447072762844106686e-01
3.204258873621663728e-01
3.271033750692198816e-01
3.146846355903638037e-01
3.944538080550607506e-01
4.031920708275816279e-01
3.474790814429672969e-01
3.461912484222357533e-01
4.043552576097798057e-01
2.881703800881686428e-01
2.961156300485395798e-01
3.212643579081954082e-01
3.403103117478328832e-01
3.192226509625829545e-01
3.473920433261736829e-01
4.314159411596835136e-01
5.165599891944696598e-01
5.446860762631773323e-01
5.127875789710976129e-01
5.092298157677267456e-01
4.605934646198132087e-01
5.651174160530583190e-01
4.935134003882223341e-01
4.693499833027530710e-01
4.440996674413468792e-01
3.730078021558282386e-01
4.250306471976906808e-01
3.539608088692750565e-01
2.995819396437860993e-01
3.044473237066548377e-01
3.270511350770369252e-01
3.533461306497062693e-01
3.057938119675714383e-01
3.137504399440202985e-01
3.530464660159371437e-01
3.353910173946381690e-01
3.804258431551401087e-01
3.467183949746985294e-01
3.061879105718638971e-01
3.498262923516650136e-01
2.973356638515080030e-01
2.736347248575243807e-01
2.891138043303790872e-01
3.509622339918848088e-01
3.188980245920933210e-01
2.987491922212212603e-01
3.339390957072588817e-01
2.955667251371778548e-01
3.239399758308737498e-01
3.720285437111179871e-01
3.573219286286111740e-01
4.220162015371153319e-01
3.628662577285383106e-01
3.637911982222528651e-01
3.917495628427545284e-01
4.179960197760470564e-01
3.702927550431444614e-01
4.149400422375394415e-01
3.598212532361717009e-01
4.599296750928884570e-01
4.358907113759056262e-01
4.178548026115943559e-01
4.041630625526037579e-01
3.939841548538562388e-01
3.516724415410736881e-01
2.828481449523507774e-01
2.872719956730535595e-01
2.211595494393794603e-01
2.332528814849825494e-01
3.215195351203705143e-01
2.801820424491265893e-01
2.909922644098735800e-01
2.731909319096653133e-01
2.890123847813284574e-01
3.749075621371562028e-01
2.961106688656456321e-01
3.107720442994605370e-01
3.345583312388547559e-01
2.889216766767996880e-01
2.975029312459337438e-01
3.124952711488355739e-01
2.780927036766971394e-01
3.085930480371480988e-01
3.183332943523694003e-01
3.455209903355129231e-01
3.138673016987785225e-01
3.256503229590707038e-01
3.894596482176786445e-01
3.925956089302135577e-01
3.941944643387021441e-01
3.685663190407007517e-01
4.172262446197458896e-01
4.284328236176430660e-01
3.961201125193263284e-01
3.210419868944823785e-01
2.989351212688978188e-01
2.578594173675762824e-01
2.070084060418721505e-01
1.669675238132082851e-01
1.873309994054448979e-01
1.762127049883625285e-01
1.505669751360065867e-01
1.445952271144838042e-01
1.757239814570445702e-01
1.513329644372858884e-01
1.943090261156026066e-01
2.052925121073599646e-01
2.365673374275456264e-01
2.098869076610960227e-01
2.535753879150261514e-01
2.523308347622912895e-01
1.878462824549914645e-01
2.581464008363867912e-01
2.003386301714772944e-01
2.000632614861963254e-01
2.262814847700994059e-01
2.410501681352502645e-01
1.814110061347875280e-01
1.601759165476836777e-01
1.816157021313884179e-01
1.327710889369327074e-01
7.771173786580040654e-02
5.763551165737614002e-02
0.000000000000000000e+00
5.811318241748003599e-02
7.279957110680317089e-02
5.394665813324350800e-02
7.028476009046674688e-02
1.184776538820400404e-01
1.140829202868134107e-01
1.394034358752008484e-01
1.267142325453228247e-01
2.011013157387102901e-01
1.595757893256064264e-01
2.074564421722230323e-01
1.703068976938777457e-01
1.814890465536132813e-01
1.878629603111125479e-01
1.994311455246356168e-01
1.560079986139236985e-01
2.351401631764047651e-01
2.351902857607789943e-01
1.893960878908770018e-01
2.714253152292820936e-01
2.432457284917476370e-01
2.853568793081349142e-01
3.086503218499704326e-01
3.716746990147569152e-01
4.069067295899690406e-01
4.107100450605924435e-01
4.226756259715901964e-01
3.838710662696722675e-01
4.406782129582205720e-01
4.425587052414132194e-01
4.279462421995980925e-01
4.456511436352899591e-01
4.086146459152932842e-01
4.378289700584377386e-01
3.866634893938448725e-01
3.659121756961695726e-01
3.704193611010941911e-01
3.467038609185306153e-01
3.896495185358018754e-01
3.652710173243030045e-01
3.837443703110787752e-01
3.929334751301366557e-01
3.582021870871660019e-01
4.038310384310396794e-01
4.313759069140487568e-01
3.774965966292780917e-01
3.117369500005294225e-01
5.739181936521281502e-01
7.661764099874728284e-01
7.137350955705495936e-01
7.165048326743158613e-01
6.794245728588983457e-01
6.919714166748057727e-01
6.102031810575081483e-01
6.017296335238695448e-01
6.067304635549501945e-01
5.532069573785833860e-01
5.488163484241663781e-01
5.255159514307352620e-01
5.074073284849255350e-01
4.795650356065369602e-01
5.025642568466183180e-01
4.048257488719448349e-01
3.016400372015268228e-01
2.874772076674629306e-01
3.038405459607940728e-01
3.417902899649345461e-01
3.381391528293641313e-01
3.487977559573962050e-01
3.627638115103843375e-01
4.066848496595509288e-01
4.025833994632290747e-01
4.393548167367570811e-01
4.436177100702658471e-01
4.344253306950939808e-01
4.758333737615141890e-01
5.000255015583293661e-01
5.708991619688215113e-01
6.413760810792521472e-01
5.963732033788823328e-01
5.616189736110537289e-01
6.226307504334652743e-01
5.548920285347525017e-01
4.906804392647565183e-01
4.678922298404878388e-01
4.841540913830903459e-01
5.097413706732628613e-01
5.070929963480607094e-01
4.764689127789077383e-01
4.312739855088495444e-01
4.266904292344189109e-01
4.480996358171498439e-01
4.971991512597269125e-01
4.377541136508049102e-01
5.254213370197219346e-01
5.695417837402338979e-01
5.615682297228095088e-01
5.662713656590118161e-01
6.070524221806622434e-01
5.631292731083121783e-01
5.433047169698220769e-01
5.515040766177756737e-01
5.898292813736767393e-01
5.685813996539398341e-01
5.989483663351131693e-01
5.682176740393721781e-01
5.980913198083669391e-01
6.031184114528438389e-01
6.217103749710000127e-01
6.433205174120169012e-01
6.604468008117394540e-01
6.348186315589678941e-01
6.500393304236731229e-01
5.867691206602092535e-01
6.208362799670277266e-01
6.599718024011355100e-01
6.497914396659483227e-01
6.756984105827696929e-01
6.536052205365255885e-01
6.557425050930913990e-01
6.235760559383122237e-01
6.878535913540368973e-01
6.501379821742758747e-01
5.800773857423683344e-01
5.980206733079479475e-01
6.143498070081296891e-01
6.119203567113911113e-01
6.862549902307280014e-01
7.136237181500145743e-01
7.477070450686263969e-01
7.333153755191347267e-01
7.090231514819753667e-01
7.439795264565647326e-01
7.382571378106939086e-01
8.205565280519185878e-01
8.040010823422073516e-01
8.087778706944207530e-01
7.288550026727221853e-01
7.431707564128894328e-01
8.180092675910539679e-01
8.599330133774326645e-01
8.747414607622409077e-01
8.427828050425935080e-01
8.251334715991380797e-01
8.501851630085263123e-01
8.556999084109567777e-01
8.182711217661744474e-01
8.223417706297435625e-01
8.229577185493256453e-01
8.191702879470114107e-01
8.059055290943046845e-01
7.418215084265687986e-01
7.481269705161899264e-01
8.033771021501819876e-01
7.931271255167152701e-01
7.903709910810833295e-01
7.554884100309202655e-01
7.697974218711101102e-01
8.174444864916098341e-01
8.617066516830338418e-01
7.297213822553647589e-01
7.113630361439006178e-01
7.323439097594363068e-01
7.321549911317235537e-01
6.770223157983474849e-01
6.417374351232562057e-01
6.668803040038122631e-01
6.432513020181152008e-01
6.807447234315446849e-01
7.156079916183365475e-01
6.553988895699996986e-01
6.393428936540977991e-01
6.514270335940803847e-01
6.223508397532686587e-01
6.382761536824976822e-01
6.221529244724371965e-01
5.909149146032336430e-01
6.470900013282232521e-01
6.640155774788729648e-01
6.855147805525207971e-01
6.581896209613962156e-01
6.375441021937940933e-01
7.186730697968902737e-01
7.937117270639347799e-01
8.350192644725196178e-01
8.223995307142650812e-01
7.653903666192445332e-01
8.171959298077120515e-01
7.905049033957997073e-01
7.829190129796864683e-01
8.154262032075824118e-01
8.308192564561069915e-01
8.092754174935907763e-01
7.848522324209150636e-01
7.286108380165611242e-01
7.193141173962284141e-01
6.965055425078620077e-01
7.242303831927828783e-01
6.964440528762685378e-01
6.444131519385563056e-01
6.212746993653425198e-01
6.187441497480108410e-01
6.000548846011154458e-01
5.626388044281098733e-01
5.436393754196278127e-01
5.941202527198776728e-01
6.082900480817210465e-01
6.146818758444778652e-01
6.177718008007460071e-01
6.040507500543932373e-01
5.723146607173507094e-01
5.403514054269360489e-01
5.221660072106918404e-01
5.138933967745006326e-01
5.175822608703082306e-01
5.121144872749752164e-01
5.446744360782850292e-01
5.312783412127780602e-01
5.314325223685648636e-01
4.879872666616976717e-01
4.901774478691017234e-01
4.483677058650542557e-01
4.285083477315242417e-01
4.528747737202128421e-01
4.441355312286756618e-01
3.963046653406196995e-01
3.741330067520470815e-01
4.749749237243670597e-01
3.891100290996392652e-01
4.317373015156693583e-01
3.822218542310789058e-01
3.973414674533710111e-01
4.560868113663715251e-01
4.345224642981093677e-01
4.716427481192473348e-01
4.781920210076277544e-01
5.102421200414962721e-01
3.963335371052892353e-01
4.059658994305139768e-01
4.307199015724103575e-01
4.472051650278686674e-01
3.877431087814193766e-01
3.901436074114421060e-01
3.749384274692811325e-01
3.242593280217677676e-01
3.230450138490331691e-01
3.108869801520346976e-01
5.673157246108249119e-01
8.115716011300654342e-01
7.214350585299961205e-01
7.236516099085790188e-01
6.923224519185522396e-01
6.769883058150065747e-01
6.195153812545007854e-01
6.318607513288257982e-01
5.743511440685119540e-01
5.191328403770346656e-01
5.391394062776557750e-01
5.431682042249952325e-01
4.924860112491482589e-01
4.844692146020319612e-01
4.670873982788669720e-01
3.865410455485011609e-01
2.621631252976656667e-01
3.223075682756605942e-01
3.100615107013907634e-01
3.479512972459491427e-01
3.871969973969315304e-01
3.533966009651955398e-01
4.007252923089081320e-01
3.924076807432105296e-01
4.547687985378979225e-01
4.151928210277489595e-01
4.509108722924550228e-01
4.978990562291110700e-01
4.952965009196130808e-01
4.795910191697912994e-01
5.715300411502750588e-01
5.565826285851733779e-01
5.760509333220978911e-01
6.299246000382767718e-01
6.648241856319364596e-01
7.223829413214836181e-01
7.132697350136777414e-01
6.683499853972665328e-01
7.049299075422580385e-01
7.439417652273571102e-01
7.527536052496385244e-01
8.286550067192467450e-01
8.144659034002821318e-01
8.451201960248699852e-01
8.445891677088300797e-01
8.543115668102920779e-01
8.442267694127539857e-01
8.307524785264377432e-01
8.650814629562650904e-01
8.537380950786009892e-01
8.684416141316193549e-01
8.321875549461656973e-01
8.905745265073100603e-01
9.299824540728903743e-01
8.670923341048764055e-01
8.698246127792038651e-01
8.793726789859420689e-01
9.043203983327571249e-01
8.493362720104833397e-01
8.574722391691613765e-01
8.579483963315813755e-01
8.880623155420577231e-01
8.881465176521514682e-01
9.044051429787898222e-01
8.897948385058086496e-01
8.557317349398059214e-01
8.189081193512112167e-01
8.268811010673218220e-01
9.040788970726066909e-01
9.329187871417837785e-01
9.169992874622726609e-01
9.402688127444235322e-01
9.463099890985765539e-01
9.597632897538949104e-01
9.797106423707335754e-01
1.000000000000000000e+00
9.708541738765480433e-01
9.697515969356422794e-01
9.394717581995217781e-01
9.679693284270874942e-01
9.737436345652189518e-01
9.311349986874924989e-01
9.549283431703236014e-01
8.837924908579685157e-01
8.963228889325718374e-01
8.842853061200836029e-01
8.301115124634390607e-01
7.934027352636420227e-01
8.242018874191989752e-01
8.081332543547528058e-01
7.805773178373388577e-01
6.768313760169177851e-01
6.538809288994746893e-01
6.694259453574438190e-01
7.192405091743724332e-01
6.538920695491545754e-01
6.861002232127871858e-01
6.672021714794527103e-01
6.837269123570979268e-01
6.659294907528164886e-01
7.451445002765384462e-01
7.297483847491892384e-01
7.174507807853860442e-01
7.148574320428846551e-01
7.084690130705185718e-01
6.470041637884373920e-01
6.552897420067790302e-01
6.297420128522216443e-01
6.986416571681266507e-01
6.604302321504144091e-01
7.051680957059436317e-01
6.959588772932526757e-01
6.863097687438242112e-01
6.852768206891898251e-01
6.294697937925995967e-01
6.240800837898340392e-01
6.538350174611564647e-01
6.637035510618453094e-01
7.402181910452058089e-01
6.668256946073555236e-01
7.132851126768081640e-01
7.011179614520411940e-01
7.017868950747117029e-01
6.867509307911007221e-01
6.777517522947839046e-01
7.095544002966867048e-01
6.726997260400697787e-01
7.135900818320162209e-01
7.023454711664587347e-01
6.843886938733840797e-01
6.715898655951298979e-01
6.621381253629464725e-01
6.397960576950395550e-01
6.651790543202502626e-01
6.383327004836751861e-01
5.786939798478164532e-01
6.285125607737763742e-01
6.550899939145754525e-01
6.664018163920972793e-01
6.328787323801031706e-01
6.880971641590178933e-01
7.560387344981730484e-01
7.028789679762241782e-01
7.926167440708795642e-01
8.357624839750775747e-01
8.795930313512189125e-01
8.857215238252542644e-01
9.147015012244115173e-01
9.048969599001811526e-01
8.499990958883634207e-01
8.725462257532906607e-01
9.003554234742150442e-01
8.384577216377043785e-01
8.571382007065831976e-01
9.252588866727312622e-01
8.569345094078869574e-01
8.808499864409139457e-01
9.154091992471188322e-01
8.736516601990274022e-01
9.099246766786657226e-01
8.245425637391590179e-01
8.660836803115241622e-01
9.033154998672774383e-01
8.585959220855871044e-01
9.196613197115910410e-01
8.795797645418522714e-01
9.071667696619033494e-01
9.356638975019282434e-01
9.122394119388028688e-01
9.350778321253454539e-01
9.262988599564029313e-01
9.014920907240003833e-01
8.691146661899157300e-01
8.580584834934790184e-01
9.047359734151592114e-01
9.587913695656761215e-01
9.327666345327195740e-01
8.538192033930993574e-01
8.758737275239069087e-01
9.093019833906761384e-01
8.636681094370068923e-01
8.930669054251918482e-01
8.743473177040814726e-01
8.698828039149150149e-01
8.722492198507539873e-01
8.662914849557316055e-01
8.654689959804554578e-01
9.129770379494548393e-01
9.291631167895230137e-01
9.350189167812140711e-01
9.291909013116115279e-01
9.099745099360029288e-01
9.011782363540721263e-01
8.759151704454799514e-01
8.227281359571527730e-01
7.801110803325020937e-01
8.024527638028547960e-01
8.536591137294587961e-01
8.174001991854926708e-01
8.394491280685119072e-01
